462639 100
0 0.001 10123 5 8
0 -4.33612110265e+01  1.98491405683e-01 -4.42091399662e-01  1.14437857146e+01
#      ^^ E0 ^^          ^^ Lx0 ^^          ^^ Ly0 ^^          ^^ Lz0 ^^
#
# HNBody system energy/angular momentum conservation file.
#
#
# Column order: t      (E-E0)/E0   (Lx-Lx0)/L0   (Ly-Ly0)/L0   (Lz-Lz0)/L0
#
                0   0.000000e+00  0.000000e+00  0.000000e+00  0.000000e+00
           10.123   1.297130e-11 -2.601173e-13  8.360567e-14 -4.938701e-12
           20.246   2.595850e-11 -5.206296e-13  1.673567e-13 -9.882364e-12
           30.369   3.893570e-11 -7.810304e-13  2.511514e-13 -1.482262e-11
           40.492   5.191274e-11 -1.041521e-12  3.350382e-13 -1.976271e-11
           50.615   6.489765e-11 -1.302232e-12  4.190510e-13 -2.470544e-11
           60.738   7.786698e-11 -1.562713e-12  5.031316e-13 -2.964337e-11
           70.861   9.086074e-11 -1.823659e-12  5.874206e-13 -3.458874e-11
           80.984   1.038268e-10 -2.084176e-12  6.717193e-13 -3.952573e-11
           91.107   1.168238e-10 -2.345299e-12  7.562700e-13 -4.447281e-11
           101.23   1.297894e-10 -2.605932e-12  8.407529e-13 -4.940934e-11
          111.353   1.427830e-10 -2.867171e-12  9.254636e-13 -5.435502e-11
          121.476   1.557520e-10 -3.128030e-12  1.010140e-12 -5.929248e-11
          131.599   1.687371e-10 -3.389267e-12  1.094982e-12 -6.423521e-11
          141.722   1.817149e-10 -3.650405e-12  1.179901e-12 -6.917531e-11
          151.845   1.946921e-10 -3.911608e-12  1.264965e-12 -7.411602e-11
          161.968   2.076798e-10 -4.173036e-12  1.350180e-12 -7.905953e-11
          172.091   2.206508e-10 -4.434214e-12  1.435448e-12 -8.399823e-11
          182.214   2.336447e-10 -4.695885e-12  1.520900e-12 -8.894391e-11
          192.337   2.466095e-10 -4.957119e-12  1.606314e-12 -9.388013e-11
           202.46   2.596042e-10 -5.218979e-12  1.691930e-12 -9.882597e-11
          212.583   2.725688e-10 -5.480344e-12  1.777523e-12 -1.037619e-10
          222.706   2.855606e-10 -5.742286e-12  1.863344e-12 -1.087065e-10
          232.829   2.985312e-10 -6.003874e-12  1.949193e-12 -1.136447e-10
          242.952   3.115176e-10 -6.265812e-12  2.035246e-12 -1.185884e-10
          253.075   3.244971e-10 -6.527662e-12  2.121382e-12 -1.235294e-10
          263.198   3.374753e-10 -6.789570e-12  2.207600e-12 -1.284703e-10
          273.321   3.504621e-10 -7.051715e-12  2.293939e-12 -1.334133e-10
          283.444   3.634307e-10 -7.313611e-12  2.380288e-12 -1.383508e-10
          293.567   3.764229e-10 -7.576011e-12  2.466840e-12 -1.432954e-10
           303.69   3.893872e-10 -7.837963e-12  2.553368e-12 -1.482316e-10
          313.813   4.023824e-10 -8.100523e-12  2.640153e-12 -1.531774e-10
          323.936   4.153485e-10 -8.362598e-12  2.726938e-12 -1.581143e-10
          334.059   4.283421e-10 -8.625218e-12  2.813965e-12 -1.630598e-10
          344.182   4.413132e-10 -8.887512e-12  2.901002e-12 -1.679985e-10
          354.305   4.542988e-10 -9.150154e-12  2.988170e-12 -1.729412e-10
          364.428   4.672773e-10 -9.412736e-12  3.075405e-12 -1.778816e-10
          374.551   4.802532e-10 -9.675349e-12  3.162723e-12 -1.828211e-10
          384.674   4.932394e-10 -9.938209e-12  3.250192e-12 -1.877644e-10
          394.797   5.062084e-10 -1.020081e-11  3.337699e-12 -1.927018e-10
           404.92   5.192025e-10 -1.046391e-11  3.425453e-12 -1.976473e-10
          415.043   5.321680e-10 -1.072654e-11  3.513202e-12 -2.025841e-10
          425.166   5.451644e-10 -1.098980e-11  3.601175e-12 -2.075304e-10
          435.289   5.581303e-10 -1.125258e-11  3.689103e-12 -2.124671e-10
          445.412   5.711226e-10 -1.151592e-11  3.777240e-12 -2.174119e-10
          455.535   5.840924e-10 -1.177893e-11  3.865373e-12 -2.223496e-10
          465.658   5.970757e-10 -1.204227e-11  3.953670e-12 -2.272916e-10
          475.781   6.100547e-10 -1.230555e-11  4.042049e-12 -2.322321e-10
          485.904   6.230314e-10 -1.256884e-11  4.130559e-12 -2.371722e-10
          496.027   6.360202e-10 -1.283240e-11  4.219249e-12 -2.421162e-10
           506.15   6.489901e-10 -1.309568e-11  4.307958e-12 -2.470543e-10
          516.273   6.619846e-10 -1.335948e-11  4.396865e-12 -2.519997e-10
          526.396   6.749484e-10 -1.362283e-11  4.485710e-12 -2.569357e-10
          536.519   6.879435e-10 -1.388680e-11  4.574802e-12 -2.618811e-10
          546.642   7.009072e-10 -1.415027e-11  4.663845e-12 -2.668173e-10
          556.765   7.138993e-10 -1.441431e-11  4.753136e-12 -2.717616e-10
          566.888   7.268708e-10 -1.467801e-11  4.842460e-12 -2.767001e-10
          577.011   7.398560e-10 -1.494201e-11  4.931969e-12 -2.816429e-10
          587.134   7.528369e-10 -1.520600e-11  5.021565e-12 -2.865842e-10
          597.257   7.658131e-10 -1.546997e-11  5.111238e-12 -2.915242e-10
           607.38   7.788004e-10 -1.573424e-11  5.201028e-12 -2.964670e-10
          617.503   7.917678e-10 -1.599821e-11  5.290837e-12 -3.014042e-10
          627.626   8.047604e-10 -1.626272e-11  5.380864e-12 -3.063488e-10
          637.749   8.177250e-10 -1.652675e-11  5.470867e-12 -3.112845e-10
          647.872   8.307201e-10 -1.679139e-11  5.561141e-12 -3.162304e-10
          657.995   8.436871e-10 -1.705556e-11  5.651411e-12 -3.211674e-10
          668.118   8.566791e-10 -1.732026e-11  5.741918e-12 -3.261126e-10
          678.241   8.696520e-10 -1.758465e-11  5.832415e-12 -3.310511e-10
          688.364   8.826362e-10 -1.784934e-11  5.923053e-12 -3.359934e-10
          698.487   8.956148e-10 -1.811403e-11  6.013754e-12 -3.409338e-10
           708.61   9.085890e-10 -1.837870e-11  6.104542e-12 -3.458727e-10
          718.733   9.215769e-10 -1.864365e-11  6.195495e-12 -3.508159e-10
          728.856   9.345451e-10 -1.890831e-11  6.286491e-12 -3.557529e-10
          738.979   9.475400e-10 -1.917348e-11  6.377740e-12 -3.606985e-10
          749.102   9.605054e-10 -1.943817e-11  6.468959e-12 -3.656354e-10
          759.225   9.735008e-10 -1.970350e-11  6.560426e-12 -3.705810e-10
          769.348   9.864668e-10 -1.996835e-11  6.651829e-12 -3.755177e-10
          779.471   9.994573e-10 -2.023373e-11  6.743446e-12 -3.804617e-10
          789.594   1.012428e-09 -2.049881e-11  6.835063e-12 -3.853995e-10
          799.717   1.025411e-09 -2.076419e-11  6.926854e-12 -3.903410e-10
           809.84   1.038391e-09 -2.102955e-11  7.018738e-12 -3.952818e-10
          819.963   1.051367e-09 -2.129487e-11  7.110742e-12 -4.002215e-10
          830.086   1.064356e-09 -2.156049e-11  7.202941e-12 -4.051659e-10
          840.209   1.077326e-09 -2.182581e-11  7.295129e-12 -4.101032e-10
          850.332   1.090319e-09 -2.209168e-11  7.387512e-12 -4.150483e-10
          860.455   1.103283e-09 -2.235706e-11  7.479851e-12 -4.199843e-10
          870.578   1.116278e-09 -2.262307e-11  7.572437e-12 -4.249291e-10
          880.701   1.129243e-09 -2.288860e-11  7.664984e-12 -4.298650e-10
          890.824   1.142233e-09 -2.315465e-11  7.757783e-12 -4.348091e-10
          900.947   1.155206e-09 -2.342041e-11  7.850622e-12 -4.397478e-10
           911.07   1.168190e-09 -2.368643e-11  7.943639e-12 -4.446901e-10
          921.193   1.181172e-09 -2.395246e-11  8.036734e-12 -4.496317e-10
          931.316   1.194147e-09 -2.421844e-11  8.129902e-12 -4.545711e-10
          941.439   1.207135e-09 -2.448475e-11  8.223205e-12 -4.595141e-10
          951.562   1.220102e-09 -2.475075e-11  8.316513e-12 -4.644506e-10
          961.685   1.233095e-09 -2.501729e-11  8.410054e-12 -4.693955e-10
          971.808   1.246059e-09 -2.528334e-11  8.503566e-12 -4.743311e-10
          981.931   1.259054e-09 -2.554999e-11  8.597368e-12 -4.792770e-10
          992.054   1.272022e-09 -2.581619e-11  8.691152e-12 -4.842138e-10
         1002.177   1.285013e-09 -2.608288e-11  8.785148e-12 -4.891584e-10
           1012.3   1.297986e-09 -2.634932e-11  8.879159e-12 -4.940971e-10
         1022.423   1.310968e-09 -2.661599e-11  8.973301e-12 -4.990383e-10
         1032.546   1.323948e-09 -2.688273e-11  9.067535e-12 -5.039788e-10
         1042.669   1.336921e-09 -2.714938e-11  9.161841e-12 -5.089171e-10
         1052.792   1.349909e-09 -2.741636e-11  9.256322e-12 -5.138604e-10
         1062.915   1.362877e-09 -2.768300e-11  9.350837e-12 -5.187974e-10
         1073.038   1.375872e-09 -2.795018e-11  9.445624e-12 -5.237430e-10
         1083.161   1.388838e-09 -2.821686e-11  9.540361e-12 -5.286793e-10
         1093.284   1.401833e-09 -2.848418e-11  9.635337e-12 -5.336250e-10
         1103.407   1.414799e-09 -2.875104e-11  9.730240e-12 -5.385611e-10
          1113.53   1.427788e-09 -2.901840e-11  9.825380e-12 -5.435046e-10
         1123.653   1.440760e-09 -2.928550e-11  9.920530e-12 -5.484425e-10
         1133.776   1.453741e-09 -2.955283e-11  1.001583e-11 -5.533834e-10
         1143.899   1.466723e-09 -2.982021e-11  1.011128e-11 -5.583246e-10
         1154.022   1.479697e-09 -3.008748e-11  1.020682e-11 -5.632639e-10
         1164.145   1.492688e-09 -3.035512e-11  1.030255e-11 -5.682082e-10
         1174.268   1.505656e-09 -3.062238e-11  1.039826e-11 -5.731450e-10
         1184.391   1.518650e-09 -3.089023e-11  1.049417e-11 -5.780899e-10
         1194.514   1.531613e-09 -3.115759e-11  1.059005e-11 -5.830254e-10
         1204.637   1.544607e-09 -3.142557e-11  1.068616e-11 -5.879698e-10
          1214.76   1.557573e-09 -3.169309e-11  1.078226e-11 -5.929060e-10
         1224.883   1.570562e-09 -3.196109e-11  1.087861e-11 -5.978498e-10
         1235.006   1.583536e-09 -3.222884e-11  1.097500e-11 -6.027888e-10
         1245.129   1.596519e-09 -3.249681e-11  1.107155e-11 -6.077306e-10
         1255.252   1.609502e-09 -3.276483e-11  1.116820e-11 -6.126724e-10
         1265.375   1.622475e-09 -3.303275e-11  1.126488e-11 -6.176105e-10
         1275.498   1.635464e-09 -3.330105e-11  1.136174e-11 -6.225537e-10
         1285.621   1.648429e-09 -3.356898e-11  1.145858e-11 -6.274896e-10
         1295.744   1.661423e-09 -3.383747e-11  1.155568e-11 -6.324344e-10
         1305.867   1.674388e-09 -3.410547e-11  1.165275e-11 -6.373701e-10
          1315.99   1.687383e-09 -3.437406e-11  1.175013e-11 -6.423155e-10
         1326.113   1.700351e-09 -3.464222e-11  1.184747e-11 -6.472528e-10
         1336.236   1.713341e-09 -3.491084e-11  1.194501e-11 -6.521968e-10
         1346.359   1.726314e-09 -3.517923e-11  1.204257e-11 -6.571352e-10
         1356.482   1.739295e-09 -3.544783e-11  1.214026e-11 -6.620757e-10
         1366.605   1.752276e-09 -3.571652e-11  1.223804e-11 -6.670165e-10
         1376.728   1.765248e-09 -3.598507e-11  1.233589e-11 -6.719542e-10
         1386.851   1.778237e-09 -3.625401e-11  1.243396e-11 -6.768977e-10
         1396.974   1.791205e-09 -3.652255e-11  1.253203e-11 -6.818344e-10
         1407.097   1.804200e-09 -3.679168e-11  1.263039e-11 -6.867803e-10
          1417.22   1.817166e-09 -3.706031e-11  1.272869e-11 -6.917163e-10
         1427.343   1.830160e-09 -3.732954e-11  1.282722e-11 -6.966614e-10
         1437.466   1.843127e-09 -3.759834e-11  1.292570e-11 -7.015976e-10
         1447.589   1.856114e-09 -3.786761e-11  1.302440e-11 -7.065403e-10
         1457.712   1.869087e-09 -3.813666e-11  1.312311e-11 -7.114786e-10
         1467.835   1.882067e-09 -3.840588e-11  1.322200e-11 -7.164193e-10
         1477.958   1.895050e-09 -3.867520e-11  1.332102e-11 -7.213606e-10
         1488.081   1.908024e-09 -3.894436e-11  1.342011e-11 -7.262995e-10
         1498.204   1.921016e-09 -3.921391e-11  1.351943e-11 -7.312436e-10
         1508.327   1.933982e-09 -3.948310e-11  1.361869e-11 -7.361800e-10
          1518.45   1.946976e-09 -3.975285e-11  1.371819e-11 -7.411247e-10
         1528.573   1.959940e-09 -4.002213e-11  1.381762e-11 -7.460599e-10
         1538.696   1.972932e-09 -4.029199e-11  1.391732e-11 -7.510040e-10
         1548.819   1.985899e-09 -4.056142e-11  1.401701e-11 -7.559402e-10
         1558.942   1.998888e-09 -4.083128e-11  1.411694e-11 -7.608836e-10
         1569.065   2.011863e-09 -4.110095e-11  1.421692e-11 -7.658226e-10
         1579.188   2.024845e-09 -4.137078e-11  1.431705e-11 -7.707639e-10
         1589.311   2.037828e-09 -4.164073e-11  1.441728e-11 -7.757056e-10
         1599.434   2.050799e-09 -4.191052e-11  1.451753e-11 -7.806432e-10
         1609.557   2.063789e-09 -4.218073e-11  1.461798e-11 -7.855864e-10
          1619.68   2.076754e-09 -4.245053e-11  1.471841e-11 -7.905220e-10
         1629.803   2.089748e-09 -4.272091e-11  1.481911e-11 -7.954666e-10
         1639.926   2.102713e-09 -4.299078e-11  1.491978e-11 -8.004025e-10
         1650.049   2.115707e-09 -4.326126e-11  1.502073e-11 -8.053474e-10
         1660.172   2.128676e-09 -4.353130e-11  1.512166e-11 -8.102847e-10
         1670.295   2.141664e-09 -4.380179e-11  1.522279e-11 -8.152279e-10
         1680.418   2.154638e-09 -4.407209e-11  1.532393e-11 -8.201666e-10
         1690.541   2.167618e-09 -4.434255e-11  1.542520e-11 -8.251064e-10
         1700.664   2.180600e-09 -4.461312e-11  1.552659e-11 -8.300474e-10
         1710.787   2.193570e-09 -4.488352e-11  1.562803e-11 -8.349847e-10
          1720.91   2.206561e-09 -4.515433e-11  1.572971e-11 -8.399284e-10
         1731.033   2.219528e-09 -4.542474e-11  1.583139e-11 -8.448649e-10
         1741.156   2.232524e-09 -4.569573e-11  1.593335e-11 -8.498103e-10
         1751.279   2.245489e-09 -4.596622e-11  1.603523e-11 -8.547465e-10
         1761.402   2.258482e-09 -4.623731e-11  1.613737e-11 -8.596904e-10
         1771.525   2.271449e-09 -4.650798e-11  1.623945e-11 -8.646265e-10
         1781.648   2.284435e-09 -4.677907e-11  1.634175e-11 -8.695691e-10
         1791.771   2.297410e-09 -4.704999e-11  1.644408e-11 -8.745073e-10
         1801.894   2.310389e-09 -4.732105e-11  1.654657e-11 -8.794476e-10
         1812.017   2.323374e-09 -4.759222e-11  1.664922e-11 -8.843894e-10
          1822.14   2.336346e-09 -4.786322e-11  1.675191e-11 -8.893275e-10
         1832.263   2.349338e-09 -4.813463e-11  1.685483e-11 -8.942717e-10
         1842.386   2.362303e-09 -4.840564e-11  1.695768e-11 -8.992073e-10
         1852.509   2.375297e-09 -4.867726e-11  1.706081e-11 -9.041518e-10
         1862.632   2.388261e-09 -4.894836e-11  1.716384e-11 -9.090868e-10
         1872.755   2.401252e-09 -4.922005e-11  1.726714e-11 -9.140307e-10
         1882.878   2.414220e-09 -4.949134e-11  1.737045e-11 -9.189674e-10
         1893.001   2.427209e-09 -4.976302e-11  1.747399e-11 -9.239101e-10
         1903.124   2.440185e-09 -5.003453e-11  1.757760e-11 -9.288496e-10
         1913.247   2.453165e-09 -5.030617e-11  1.768132e-11 -9.337902e-10
          1923.37   2.466149e-09 -5.057795e-11  1.778517e-11 -9.387314e-10
         1933.493   2.479119e-09 -5.084956e-11  1.788903e-11 -9.436687e-10
         1943.616   2.492109e-09 -5.112159e-11  1.799309e-11 -9.486117e-10
         1953.739   2.505073e-09 -5.139321e-11  1.809714e-11 -9.535470e-10
         1963.862   2.518068e-09 -5.166539e-11  1.820147e-11 -9.584916e-10
         1973.985   2.531033e-09 -5.193710e-11  1.830577e-11 -9.634275e-10
         1984.108   2.544026e-09 -5.220936e-11  1.841035e-11 -9.683719e-10
         1994.231   2.556996e-09 -5.248123e-11  1.851490e-11 -9.733093e-10
         2004.354   2.569983e-09 -5.275351e-11  1.861966e-11 -9.782517e-10
         2014.477   2.582958e-09 -5.302563e-11  1.872443e-11 -9.831905e-10
           2024.6   2.595936e-09 -5.329786e-11  1.882931e-11 -9.881299e-10
         2034.723   2.608919e-09 -5.357026e-11  1.893434e-11 -9.930707e-10
         2044.846   2.621889e-09 -5.384244e-11  1.903942e-11 -9.980079e-10
         2054.969   2.634880e-09 -5.411506e-11  1.914474e-11 -1.002952e-09
         2065.092   2.647848e-09 -5.438725e-11  1.925005e-11 -1.007888e-09
         2075.215   2.660842e-09 -5.466002e-11  1.935564e-11 -1.012833e-09
         2085.338   2.673808e-09 -5.493232e-11  1.946116e-11 -1.017769e-09
         2095.461   2.686800e-09 -5.520518e-11  1.956691e-11 -1.022713e-09
         2105.584   2.699768e-09 -5.547765e-11  1.967262e-11 -1.027649e-09
         2115.707   2.712753e-09 -5.575051e-11  1.977854e-11 -1.032590e-09
          2125.83   2.725729e-09 -5.602322e-11  1.988454e-11 -1.037529e-09
         2135.953   2.738707e-09 -5.629602e-11  1.999067e-11 -1.042469e-09
         2146.076   2.751692e-09 -5.656899e-11  2.009697e-11 -1.047411e-09
         2156.199   2.764664e-09 -5.684175e-11  2.020331e-11 -1.052349e-09
         2166.322   2.777655e-09 -5.711495e-11  2.030987e-11 -1.057292e-09
         2176.445   2.790620e-09 -5.738773e-11  2.041635e-11 -1.062228e-09
         2186.568   2.803614e-09 -5.766109e-11  2.052309e-11 -1.067172e-09
         2196.691   2.816578e-09 -5.793399e-11  2.062978e-11 -1.072107e-09
         2206.814   2.829569e-09 -5.820742e-11  2.073675e-11 -1.077051e-09
         2216.937   2.842538e-09 -5.848048e-11  2.084371e-11 -1.081987e-09
          2227.06   2.855525e-09 -5.875390e-11  2.095090e-11 -1.086930e-09
         2237.183   2.868503e-09 -5.902719e-11  2.105818e-11 -1.091869e-09
         2247.306   2.881481e-09 -5.930055e-11  2.116554e-11 -1.096809e-09
         2257.429   2.894466e-09 -5.957411e-11  2.127303e-11 -1.101751e-09
         2267.552   2.907435e-09 -5.984745e-11  2.138053e-11 -1.106687e-09
         2277.675   2.920425e-09 -6.012126e-11  2.148826e-11 -1.111630e-09
         2287.798   2.933390e-09 -6.039461e-11  2.159596e-11 -1.116566e-09
         2297.921   2.946384e-09 -6.066854e-11  2.170396e-11 -1.121510e-09
         2308.044   2.959349e-09 -6.094198e-11  2.181193e-11 -1.126446e-09
         2318.167   2.972343e-09 -6.121597e-11  2.192017e-11 -1.131390e-09
          2328.29   2.985313e-09 -6.148960e-11  2.202839e-11 -1.136327e-09
         2338.413   2.998298e-09 -6.176359e-11  2.213679e-11 -1.141269e-09
         2348.536   3.011274e-09 -6.203746e-11  2.224522e-11 -1.146208e-09
         2358.659   3.024251e-09 -6.231141e-11  2.235376e-11 -1.151146e-09
         2368.782   3.037235e-09 -6.258554e-11  2.246248e-11 -1.156088e-09
         2378.905   3.050204e-09 -6.285944e-11  2.257121e-11 -1.161024e-09
         2389.028   3.063197e-09 -6.313379e-11  2.268023e-11 -1.165969e-09
         2399.151   3.076163e-09 -6.340770e-11  2.278921e-11 -1.170904e-09
         2409.274   3.089158e-09 -6.368219e-11  2.289846e-11 -1.175849e-09
         2419.397   3.102123e-09 -6.395622e-11  2.300762e-11 -1.180785e-09
          2429.52   3.115114e-09 -6.423078e-11  2.311703e-11 -1.185728e-09
         2439.643   3.128082e-09 -6.450497e-11  2.322643e-11 -1.190664e-09
         2449.766   3.141066e-09 -6.477952e-11  2.333603e-11 -1.195605e-09
         2459.889   3.154043e-09 -6.505396e-11  2.344570e-11 -1.200544e-09
         2470.012   3.167021e-09 -6.532845e-11  2.355551e-11 -1.205484e-09
         2480.135   3.180007e-09 -6.560314e-11  2.366551e-11 -1.210426e-09
         2490.258   3.192978e-09 -6.587759e-11  2.377551e-11 -1.215363e-09
         2500.381   3.205970e-09 -6.615250e-11  2.388573e-11 -1.220307e-09
         2510.504   3.218934e-09 -6.642698e-11  2.399588e-11 -1.225242e-09
         2520.627   3.231927e-09 -6.670205e-11  2.410632e-11 -1.230185e-09
          2530.75   3.244891e-09 -6.697663e-11  2.421670e-11 -1.235120e-09
         2540.873   3.257882e-09 -6.725175e-11  2.432735e-11 -1.240064e-09
         2550.996   3.270853e-09 -6.752651e-11  2.443801e-11 -1.245001e-09
         2561.119   3.283838e-09 -6.780158e-11  2.454889e-11 -1.249943e-09
         2571.242   3.296817e-09 -6.807658e-11  2.465985e-11 -1.254882e-09
         2581.365   3.309793e-09 -6.835161e-11  2.477089e-11 -1.259821e-09
         2591.488   3.322779e-09 -6.862687e-11  2.488206e-11 -1.264763e-09
         2601.611   3.335747e-09 -6.890188e-11  2.499325e-11 -1.269699e-09
         2611.734   3.348737e-09 -6.917735e-11  2.510469e-11 -1.274642e-09
         2621.857   3.361702e-09 -6.945237e-11  2.521606e-11 -1.279577e-09
          2631.98   3.374696e-09 -6.972798e-11  2.532777e-11 -1.284521e-09
         2642.103   3.387663e-09 -7.000309e-11  2.543943e-11 -1.289457e-09
         2652.226   3.400655e-09 -7.027872e-11  2.555135e-11 -1.294401e-09
         2662.349   3.413625e-09 -7.055403e-11  2.566327e-11 -1.299338e-09
         2672.472   3.426609e-09 -7.082966e-11  2.577534e-11 -1.304279e-09
         2682.595   3.439587e-09 -7.110523e-11  2.588747e-11 -1.309218e-09
         2692.718   3.452562e-09 -7.138080e-11  2.599970e-11 -1.314156e-09
         2702.841   3.465547e-09 -7.165663e-11  2.611211e-11 -1.319098e-09
         2712.964   3.478515e-09 -7.193214e-11  2.622455e-11 -1.324034e-09
         2723.087   3.491509e-09 -7.220816e-11  2.633727e-11 -1.328978e-09
          2733.21   3.504475e-09 -7.248370e-11  2.644995e-11 -1.333914e-09
         2743.333   3.517469e-09 -7.275984e-11  2.656290e-11 -1.338858e-09
         2753.456   3.530434e-09 -7.303552e-11  2.667575e-11 -1.343794e-09
         2763.579   3.543424e-09 -7.331172e-11  2.678887e-11 -1.348736e-09
         2773.702   3.556394e-09 -7.358759e-11  2.690197e-11 -1.353672e-09
         2783.825   3.569376e-09 -7.386376e-11  2.701528e-11 -1.358613e-09
         2793.948   3.582354e-09 -7.413985e-11  2.712867e-11 -1.363552e-09
         2804.071   3.595331e-09 -7.441594e-11  2.724219e-11 -1.368492e-09
         2814.194   3.608319e-09 -7.469230e-11  2.735589e-11 -1.373434e-09
         2824.317   3.621288e-09 -7.496835e-11  2.746960e-11 -1.378370e-09
          2834.44   3.634280e-09 -7.524490e-11  2.758353e-11 -1.383314e-09
         2844.563   3.647244e-09 -7.552099e-11  2.769739e-11 -1.388248e-09
         2854.686   3.660236e-09 -7.579769e-11  2.781154e-11 -1.393192e-09
         2864.809   3.673201e-09 -7.607389e-11  2.792563e-11 -1.398127e-09
         2874.932   3.686191e-09 -7.635060e-11  2.804001e-11 -1.403070e-09
         2885.055   3.699163e-09 -7.662700e-11  2.815439e-11 -1.408007e-09
         2895.178   3.712147e-09 -7.690367e-11  2.826899e-11 -1.412948e-09
         2905.301   3.725126e-09 -7.718030e-11  2.838366e-11 -1.417888e-09
         2915.424   3.738101e-09 -7.745693e-11  2.849839e-11 -1.422826e-09
         2925.547   3.751087e-09 -7.773382e-11  2.861330e-11 -1.427767e-09
          2935.67   3.764054e-09 -7.801041e-11  2.872819e-11 -1.432703e-09
         2945.793   3.777046e-09 -7.828750e-11  2.884334e-11 -1.437646e-09
         2955.916   3.790010e-09 -7.856411e-11  2.895846e-11 -1.442581e-09
         2966.039   3.803004e-09 -7.884132e-11  2.907389e-11 -1.447525e-09
         2976.162   3.815971e-09 -7.911804e-11  2.918929e-11 -1.452461e-09
         2986.285   3.828962e-09 -7.939527e-11  2.930494e-11 -1.457405e-09
         2996.408   3.841934e-09 -7.967219e-11  2.942056e-11 -1.462342e-09
         3006.531   3.854916e-09 -7.994938e-11  2.953635e-11 -1.467282e-09
         3016.654   3.867894e-09 -8.022655e-11  2.965221e-11 -1.472221e-09
         3026.777   3.880867e-09 -8.050370e-11  2.976818e-11 -1.477159e-09
           3036.9   3.893854e-09 -8.078111e-11  2.988434e-11 -1.482100e-09
         3047.023   3.906822e-09 -8.105820e-11  3.000051e-11 -1.487036e-09
         3057.146   3.919816e-09 -8.133581e-11  3.011697e-11 -1.491980e-09
         3067.269   3.932782e-09 -8.161293e-11  3.023337e-11 -1.496916e-09
         3077.392   3.945775e-09 -8.189065e-11  3.035006e-11 -1.501860e-09
         3087.515   3.958740e-09 -8.216790e-11  3.046665e-11 -1.506795e-09
         3097.638   3.971729e-09 -8.244567e-11  3.058349e-11 -1.511737e-09
         3107.761   3.984700e-09 -8.272311e-11  3.070033e-11 -1.516673e-09
         3117.884   3.997681e-09 -8.300082e-11  3.081736e-11 -1.521614e-09
         3128.007   4.010662e-09 -8.327851e-11  3.093453e-11 -1.526553e-09
          3138.13   4.023637e-09 -8.355614e-11  3.105179e-11 -1.531492e-09
         3148.253   4.036625e-09 -8.383407e-11  3.116923e-11 -1.536434e-09
         3158.376   4.049593e-09 -8.411166e-11  3.128666e-11 -1.541370e-09
         3168.499   4.062585e-09 -8.438979e-11  3.140433e-11 -1.546313e-09
         3178.622   4.075548e-09 -8.466744e-11  3.152193e-11 -1.551248e-09
         3188.745   4.088540e-09 -8.494566e-11  3.163982e-11 -1.556191e-09
         3198.868   4.101506e-09 -8.522344e-11  3.175766e-11 -1.561126e-09
         3208.991   4.114495e-09 -8.550167e-11  3.187579e-11 -1.566068e-09
         3219.114   4.127468e-09 -8.577963e-11  3.199394e-11 -1.571006e-09
         3229.237   4.140452e-09 -8.605782e-11  3.211226e-11 -1.575947e-09
          3239.36   4.153432e-09 -8.633600e-11  3.223068e-11 -1.580887e-09
         3249.483   4.166405e-09 -8.661414e-11  3.234915e-11 -1.585824e-09
         3259.606   4.179391e-09 -8.689259e-11  3.246781e-11 -1.590766e-09
         3269.729   4.192358e-09 -8.717070e-11  3.258644e-11 -1.595701e-09
         3279.852   4.205350e-09 -8.744933e-11  3.270537e-11 -1.600644e-09
         3289.975   4.218315e-09 -8.772747e-11  3.282425e-11 -1.605578e-09
         3300.098   4.231308e-09 -8.800619e-11  3.294346e-11 -1.610522e-09
         3310.221   4.244276e-09 -8.828444e-11  3.306259e-11 -1.615458e-09
         3320.344   4.257266e-09 -8.856318e-11  3.318199e-11 -1.620401e-09
         3330.467   4.270237e-09 -8.884165e-11  3.330135e-11 -1.625338e-09
          3340.59   4.283218e-09 -8.912035e-11  3.342090e-11 -1.630278e-09
         3350.713   4.296197e-09 -8.939907e-11  3.354052e-11 -1.635217e-09
         3360.836   4.309169e-09 -8.967770e-11  3.366023e-11 -1.640154e-09
         3370.959   4.322158e-09 -8.995664e-11  3.378018e-11 -1.645096e-09
         3381.082   4.335126e-09 -9.023523e-11  3.390012e-11 -1.650032e-09
         3391.205   4.348119e-09 -9.051435e-11  3.402036e-11 -1.654976e-09
         3401.328   4.361085e-09 -9.079296e-11  3.414050e-11 -1.659911e-09
         3411.451   4.374078e-09 -9.107218e-11  3.426094e-11 -1.664854e-09
         3421.574   4.387043e-09 -9.135094e-11  3.438129e-11 -1.669789e-09
         3431.697   4.400030e-09 -9.163018e-11  3.450188e-11 -1.674731e-09
          3441.82   4.413003e-09 -9.190916e-11  3.462249e-11 -1.679668e-09
         3451.943   4.425983e-09 -9.218833e-11  3.474331e-11 -1.684607e-09
         3462.066   4.438965e-09 -9.246751e-11  3.486425e-11 -1.689547e-09
         3472.189   4.451939e-09 -9.274662e-11  3.498527e-11 -1.694485e-09
         3482.312   4.464928e-09 -9.302604e-11  3.510650e-11 -1.699428e-09
         3492.435   4.477895e-09 -9.330511e-11  3.522768e-11 -1.704363e-09
         3502.558   4.490887e-09 -9.358474e-11  3.534913e-11 -1.709306e-09
         3512.681   4.503850e-09 -9.386386e-11  3.547049e-11 -1.714240e-09
         3522.804   4.516842e-09 -9.414357e-11  3.559216e-11 -1.719183e-09
         3532.927   4.529808e-09 -9.442281e-11  3.571378e-11 -1.724119e-09
          3543.05   4.542797e-09 -9.470252e-11  3.583569e-11 -1.729060e-09
         3553.173   4.555771e-09 -9.498196e-11  3.595761e-11 -1.733998e-09
         3563.296   4.568752e-09 -9.526159e-11  3.607972e-11 -1.738938e-09
         3573.419   4.581734e-09 -9.554129e-11  3.620191e-11 -1.743878e-09
         3583.542   4.594707e-09 -9.582088e-11  3.632414e-11 -1.748815e-09
         3593.665   4.607693e-09 -9.610081e-11  3.644659e-11 -1.753756e-09
         3603.788   4.620659e-09 -9.638036e-11  3.656899e-11 -1.758691e-09
         3613.911   4.633652e-09 -9.666045e-11  3.669171e-11 -1.763635e-09
         3624.034   4.646617e-09 -9.694004e-11  3.681437e-11 -1.768569e-09
         3634.157   4.659609e-09 -9.722021e-11  3.693735e-11 -1.773513e-09
          3644.28   4.672578e-09 -9.749993e-11  3.706027e-11 -1.778449e-09
         3654.403   4.685566e-09 -9.778009e-11  3.718344e-11 -1.783391e-09
         3664.526   4.698538e-09 -9.806003e-11  3.730659e-11 -1.788328e-09
         3674.649   4.711518e-09 -9.834014e-11  3.742990e-11 -1.793267e-09
         3684.772   4.724499e-09 -9.862032e-11  3.755334e-11 -1.798206e-09
         3694.895   4.737470e-09 -9.890037e-11  3.767682e-11 -1.803143e-09
         3705.018   4.750459e-09 -9.918076e-11  3.780058e-11 -1.808085e-09
         3715.141   4.763427e-09 -9.946076e-11  3.792431e-11 -1.813021e-09
         3725.264   4.776420e-09 -9.974131e-11  3.804833e-11 -1.817965e-09
         3735.387   4.789386e-09 -1.000214e-10  3.817224e-11 -1.822899e-09
          3745.51   4.802377e-09 -1.003020e-10  3.829647e-11 -1.827842e-09
         3755.633   4.815344e-09 -1.005822e-10  3.842062e-11 -1.832777e-09
         3765.756   4.828330e-09 -1.008629e-10  3.854501e-11 -1.837718e-09
         3775.879   4.841303e-09 -1.011433e-10  3.866944e-11 -1.842656e-09
         3786.002   4.854283e-09 -1.014238e-10  3.879404e-11 -1.847595e-09
         3796.125   4.867265e-09 -1.017045e-10  3.891879e-11 -1.852535e-09
         3806.248   4.880239e-09 -1.019850e-10  3.904359e-11 -1.857473e-09
         3816.371   4.893228e-09 -1.022658e-10  3.916862e-11 -1.862415e-09
         3826.494   4.906194e-09 -1.025463e-10  3.929358e-11 -1.867350e-09
         3836.617   4.919186e-09 -1.028273e-10  3.941882e-11 -1.872292e-09
          3846.74   4.932150e-09 -1.031079e-10  3.954399e-11 -1.877227e-09
         3856.863   4.945141e-09 -1.033890e-10  3.966946e-11 -1.882169e-09
         3866.986   4.958109e-09 -1.036696e-10  3.979490e-11 -1.887104e-09
         3877.109   4.971096e-09 -1.039507e-10  3.992062e-11 -1.892047e-09
         3887.232   4.984072e-09 -1.042315e-10  4.004638e-11 -1.896984e-09
         3897.355   4.997052e-09 -1.045126e-10  4.017226e-11 -1.901924e-09
         3907.478   5.010033e-09 -1.047937e-10  4.029826e-11 -1.906864e-09
         3917.601   5.023004e-09 -1.050746e-10  4.042429e-11 -1.911800e-09
         3927.724   5.035992e-09 -1.053560e-10  4.055054e-11 -1.916741e-09
         3937.847   5.048957e-09 -1.056369e-10  4.067676e-11 -1.921676e-09
          3947.97   5.061950e-09 -1.059184e-10  4.080329e-11 -1.926619e-09
         3958.093   5.074915e-09 -1.061993e-10  4.092978e-11 -1.931554e-09
         3968.216   5.087908e-09 -1.064809e-10  4.105657e-11 -1.936497e-09
         3978.339   5.100876e-09 -1.067620e-10  4.118331e-11 -1.941433e-09
         3988.462   5.113863e-09 -1.070435e-10  4.131028e-11 -1.946374e-09
         3998.585   5.126837e-09 -1.073248e-10  4.143724e-11 -1.951311e-09
         4008.708   5.139815e-09 -1.076063e-10  4.156434e-11 -1.956250e-09
         4018.831   5.152796e-09 -1.078879e-10  4.169161e-11 -1.961189e-09
         4028.954   5.165767e-09 -1.081693e-10  4.181891e-11 -1.966126e-09
         4039.077   5.178757e-09 -1.084510e-10  4.194649e-11 -1.971068e-09
           4049.2   5.191724e-09 -1.087324e-10  4.207402e-11 -1.976003e-09
         4059.323   5.204718e-09 -1.090143e-10  4.220188e-11 -1.980947e-09
         4069.446   5.217683e-09 -1.092957e-10  4.232961e-11 -1.985881e-09
         4079.569   5.230673e-09 -1.095777e-10  4.245764e-11 -1.990824e-09
         4089.692   5.243641e-09 -1.098593e-10  4.258560e-11 -1.995758e-09
         4099.815   5.256625e-09 -1.101413e-10  4.271381e-11 -2.000699e-09
         4109.938   5.269600e-09 -1.104230e-10  4.284207e-11 -2.005636e-09
         4120.061   5.282578e-09 -1.107049e-10  4.297050e-11 -2.010575e-09
         4130.184   5.295562e-09 -1.109869e-10  4.309909e-11 -2.015516e-09
         4140.307   5.308535e-09 -1.112687e-10  4.322770e-11 -2.020453e-09
          4150.43   5.321524e-09 -1.115510e-10  4.335656e-11 -2.025395e-09
         4160.553   5.334489e-09 -1.118328e-10  4.348533e-11 -2.030329e-09
         4170.676   5.347481e-09 -1.121151e-10  4.361441e-11 -2.035272e-09
         4180.799   5.360445e-09 -1.123970e-10  4.374340e-11 -2.040206e-09
         4190.922   5.373436e-09 -1.126794e-10  4.387270e-11 -2.045148e-09
         4201.045   5.386405e-09 -1.129614e-10  4.400197e-11 -2.050084e-09
         4211.168   5.399391e-09 -1.132438e-10  4.413153e-11 -2.055025e-09
         4221.291   5.412367e-09 -1.135260e-10  4.426112e-11 -2.059963e-09
         4231.414   5.425346e-09 -1.138083e-10  4.439083e-11 -2.064902e-09
         4241.537   5.438328e-09 -1.140908e-10  4.452065e-11 -2.069842e-09
          4251.66   5.451298e-09 -1.143730e-10  4.465050e-11 -2.074778e-09
         4261.783   5.464287e-09 -1.146557e-10  4.478060e-11 -2.079719e-09
         4271.906   5.477251e-09 -1.149379e-10  4.491065e-11 -2.084653e-09
         4282.029   5.490244e-09 -1.152207e-10  4.504103e-11 -2.089596e-09
         4292.152   5.503210e-09 -1.155030e-10  4.517135e-11 -2.094531e-09
         4302.275   5.516202e-09 -1.157858e-10  4.530199e-11 -2.099474e-09
         4312.398   5.529172e-09 -1.160682e-10  4.543256e-11 -2.104410e-09
         4322.521   5.542157e-09 -1.163510e-10  4.556336e-11 -2.109350e-09
         4332.644   5.555130e-09 -1.166337e-10  4.569417e-11 -2.114287e-09
         4342.767   5.568108e-09 -1.169164e-10  4.582512e-11 -2.119225e-09
          4352.89   5.581090e-09 -1.171993e-10  4.595623e-11 -2.124165e-09
         4363.013   5.594060e-09 -1.174819e-10  4.608739e-11 -2.129101e-09
         4373.136   5.607051e-09 -1.177650e-10  4.621883e-11 -2.134043e-09
         4383.259   5.620018e-09 -1.180477e-10  4.635021e-11 -2.138978e-09
         4393.382   5.633010e-09 -1.183309e-10  4.648188e-11 -2.143921e-09
         4403.505   5.645976e-09 -1.186136e-10  4.661346e-11 -2.148856e-09
         4413.628   5.658966e-09 -1.188968e-10  4.674534e-11 -2.153798e-09
         4423.751   5.671933e-09 -1.191797e-10  4.687714e-11 -2.158733e-09
         4433.874   5.684918e-09 -1.194629e-10  4.700921e-11 -2.163673e-09
         4443.997   5.697893e-09 -1.197460e-10  4.714133e-11 -2.168610e-09
          4454.12   5.710871e-09 -1.200291e-10  4.727361e-11 -2.173549e-09
         4464.243   5.723856e-09 -1.203124e-10  4.740606e-11 -2.178490e-09
         4474.366   5.736827e-09 -1.205955e-10  4.753851e-11 -2.183426e-09
         4484.489   5.749817e-09 -1.208790e-10  4.767122e-11 -2.188368e-09
         4494.612   5.762782e-09 -1.211620e-10  4.780382e-11 -2.193302e-09
         4504.735   5.775773e-09 -1.214456e-10  4.793676e-11 -2.198244e-09
         4514.858   5.788737e-09 -1.217288e-10  4.806960e-11 -2.203178e-09
         4524.981   5.801728e-09 -1.220124e-10  4.820278e-11 -2.208120e-09
         4535.104   5.814698e-09 -1.222957e-10  4.833594e-11 -2.213056e-09
         4545.227   5.827684e-09 -1.225793e-10  4.846934e-11 -2.217997e-09
          4555.35   5.840660e-09 -1.228628e-10  4.860278e-11 -2.222935e-09
         4565.473   5.853638e-09 -1.231463e-10  4.873633e-11 -2.227873e-09
         4575.596   5.866621e-09 -1.234300e-10  4.887002e-11 -2.232813e-09
         4585.719   5.879589e-09 -1.237135e-10  4.900371e-11 -2.237748e-09
         4595.842   5.892578e-09 -1.239974e-10  4.913768e-11 -2.242689e-09
         4605.965   5.905543e-09 -1.242809e-10  4.927159e-11 -2.247624e-09
         4616.088   5.918536e-09 -1.245649e-10  4.940585e-11 -2.252567e-09
         4626.211   5.931502e-09 -1.248484e-10  4.954002e-11 -2.257502e-09
         4636.334   5.944494e-09 -1.251325e-10  4.967451e-11 -2.262444e-09
         4646.457   5.957463e-09 -1.254161e-10  4.980894e-11 -2.267380e-09
          4656.58   5.970447e-09 -1.257002e-10  4.994358e-11 -2.272320e-09
         4666.703   5.983423e-09 -1.259841e-10  5.007829e-11 -2.277257e-09
         4676.826   5.996399e-09 -1.262680e-10  5.021308e-11 -2.282194e-09
         4686.949   6.009382e-09 -1.265521e-10  5.034808e-11 -2.287134e-09
         4697.072   6.022352e-09 -1.268360e-10  5.048310e-11 -2.292070e-09
         4707.195   6.035343e-09 -1.271203e-10  5.061841e-11 -2.297013e-09
         4717.318   6.048310e-09 -1.274041e-10  5.075364e-11 -2.301948e-09
         4727.441   6.061302e-09 -1.276885e-10  5.088919e-11 -2.306890e-09
         4737.564   6.074267e-09 -1.279724e-10  5.102463e-11 -2.311824e-09
         4747.687   6.087256e-09 -1.282569e-10  5.116037e-11 -2.316766e-09
          4757.81   6.100225e-09 -1.285410e-10  5.129605e-11 -2.321701e-09
         4767.933   6.113208e-09 -1.288254e-10  5.143197e-11 -2.326640e-09
         4778.056   6.126185e-09 -1.291096e-10  5.156798e-11 -2.331578e-09
         4788.179   6.139162e-09 -1.293939e-10  5.170414e-11 -2.336517e-09
         4798.302   6.152148e-09 -1.296784e-10  5.184046e-11 -2.341457e-09
         4808.425   6.165117e-09 -1.299627e-10  5.197679e-11 -2.346393e-09
         4818.548   6.178108e-09 -1.302474e-10  5.211337e-11 -2.351335e-09
         4828.671   6.191072e-09 -1.305316e-10  5.224985e-11 -2.356268e-09
         4838.794   6.204063e-09 -1.308164e-10  5.238666e-11 -2.361210e-09
         4848.917   6.217028e-09 -1.311007e-10  5.252337e-11 -2.366144e-09
          4859.04   6.230018e-09 -1.313856e-10  5.266044e-11 -2.371086e-09
         4869.163   6.242989e-09 -1.316700e-10  5.279748e-11 -2.376022e-09
         4879.286   6.255973e-09 -1.319548e-10  5.293474e-11 -2.380963e-09
         4889.409   6.268951e-09 -1.322395e-10  5.307206e-11 -2.385901e-09
         4899.532   6.281927e-09 -1.325241e-10  5.320948e-11 -2.390838e-09
         4909.655   6.294911e-09 -1.328090e-10  5.334707e-11 -2.395778e-09
         4919.778   6.307879e-09 -1.330937e-10  5.348464e-11 -2.400713e-09
         4929.901   6.320868e-09 -1.333787e-10  5.362251e-11 -2.405654e-09
         4940.024   6.333833e-09 -1.336634e-10  5.376031e-11 -2.410588e-09
         4950.147   6.346826e-09 -1.339485e-10  5.389846e-11 -2.415531e-09
          4960.27   6.359793e-09 -1.342332e-10  5.403653e-11 -2.420466e-09
         4970.393   6.372783e-09 -1.345184e-10  5.417491e-11 -2.425408e-09
         4980.516   6.385754e-09 -1.348032e-10  5.431321e-11 -2.430344e-09
         4990.639   6.398736e-09 -1.350884e-10  5.445173e-11 -2.435283e-09
         5000.762   6.411712e-09 -1.353735e-10  5.459031e-11 -2.440220e-09
         5010.885   6.424687e-09 -1.356585e-10  5.472900e-11 -2.445157e-09
         5021.008   6.437671e-09 -1.359438e-10  5.486790e-11 -2.450097e-09
         5031.131   6.450641e-09 -1.362288e-10  5.500680e-11 -2.455033e-09
         5041.254   6.463633e-09 -1.365142e-10  5.514602e-11 -2.459975e-09
         5051.377   6.476599e-09 -1.367992e-10  5.528513e-11 -2.464910e-09
           5061.5   6.489591e-09 -1.370847e-10  5.542459e-11 -2.469852e-09
         5071.623   6.502556e-09 -1.373698e-10  5.556391e-11 -2.474786e-09
         5081.746   6.515544e-09 -1.376553e-10  5.570353e-11 -2.479727e-09
         5091.869   6.528513e-09 -1.379406e-10  5.584312e-11 -2.484662e-09
         5101.992   6.541496e-09 -1.382261e-10  5.598295e-11 -2.489602e-09
         5112.115   6.554474e-09 -1.385115e-10  5.612288e-11 -2.494540e-09
         5122.238   6.567451e-09 -1.387969e-10  5.626291e-11 -2.499478e-09
         5132.361   6.580437e-09 -1.390825e-10  5.640315e-11 -2.504418e-09
         5142.484   6.593405e-09 -1.393679e-10  5.654335e-11 -2.509353e-09
         5152.607   6.606396e-09 -1.396537e-10  5.668382e-11 -2.514295e-09
          5162.73   6.619360e-09 -1.399390e-10  5.682420e-11 -2.519228e-09
         5172.853   6.632351e-09 -1.402250e-10  5.696491e-11 -2.524170e-09
         5182.976   6.645316e-09 -1.405104e-10  5.710554e-11 -2.529104e-09
         5193.099   6.658305e-09 -1.407963e-10  5.724650e-11 -2.534046e-09
         5203.222   6.671277e-09 -1.410819e-10  5.738745e-11 -2.538982e-09
         5213.345   6.684261e-09 -1.413677e-10  5.752862e-11 -2.543922e-09
         5223.468   6.697239e-09 -1.416535e-10  5.766984e-11 -2.548860e-09
         5233.591   6.710214e-09 -1.419393e-10  5.781115e-11 -2.553797e-09
         5243.714   6.723198e-09 -1.422253e-10  5.795264e-11 -2.558737e-09
         5253.837   6.736166e-09 -1.425110e-10  5.809410e-11 -2.563671e-09
          5263.96   6.749155e-09 -1.427971e-10  5.823588e-11 -2.568613e-09
         5274.083   6.762121e-09 -1.430828e-10  5.837759e-11 -2.573547e-09
         5284.206   6.775114e-09 -1.433691e-10  5.851967e-11 -2.578490e-09
         5294.329   6.788081e-09 -1.436549e-10  5.866164e-11 -2.583424e-09
         5304.452   6.801070e-09 -1.439411e-10  5.880391e-11 -2.588366e-09
         5314.575   6.814041e-09 -1.442270e-10  5.894615e-11 -2.593301e-09
         5324.698   6.827022e-09 -1.445132e-10  5.908855e-11 -2.598240e-09
         5334.821   6.839999e-09 -1.447994e-10  5.923106e-11 -2.603177e-09
         5344.944   6.852974e-09 -1.450855e-10  5.937366e-11 -2.608114e-09
         5355.067   6.865959e-09 -1.453719e-10  5.951649e-11 -2.613054e-09
          5365.19   6.878929e-09 -1.456579e-10  5.965930e-11 -2.617990e-09
         5375.313   6.891920e-09 -1.459444e-10  5.980244e-11 -2.622932e-09
         5385.436   6.904886e-09 -1.462304e-10  5.994546e-11 -2.627866e-09
         5395.559   6.917877e-09 -1.465170e-10  6.008881e-11 -2.632808e-09
         5405.682   6.930842e-09 -1.468032e-10  6.023203e-11 -2.637742e-09
         5415.805   6.943830e-09 -1.470898e-10  6.037557e-11 -2.642682e-09
         5425.928   6.956800e-09 -1.473761e-10  6.051908e-11 -2.647618e-09
         5436.051   6.969782e-09 -1.476626e-10  6.066283e-11 -2.652557e-09
         5446.174   6.982762e-09 -1.479491e-10  6.080669e-11 -2.657495e-09
         5456.297   6.995737e-09 -1.482355e-10  6.095063e-11 -2.662432e-09
          5466.42   7.008724e-09 -1.485222e-10  6.109480e-11 -2.667373e-09
         5476.543   7.021691e-09 -1.488086e-10  6.123888e-11 -2.672308e-09
         5486.666   7.034682e-09 -1.490954e-10  6.138328e-11 -2.677249e-09
         5496.789   7.047645e-09 -1.493818e-10  6.152756e-11 -2.682182e-09
         5506.912   7.060636e-09 -1.496687e-10  6.167220e-11 -2.687124e-09
         5517.035   7.073603e-09 -1.499552e-10  6.181678e-11 -2.692058e-09
         5527.158   7.086591e-09 -1.502421e-10  6.196166e-11 -2.696999e-09
         5537.281   7.099564e-09 -1.505287e-10  6.210655e-11 -2.701935e-09
         5547.404   7.112546e-09 -1.508156e-10  6.225162e-11 -2.706875e-09
         5557.527   7.125525e-09 -1.511024e-10  6.239678e-11 -2.711813e-09
          5567.65   7.138498e-09 -1.513892e-10  6.254198e-11 -2.716749e-09
         5577.773   7.151483e-09 -1.516762e-10  6.268740e-11 -2.721689e-09
         5587.896   7.164450e-09 -1.519629e-10  6.283278e-11 -2.726623e-09
         5598.019   7.177441e-09 -1.522501e-10  6.297851e-11 -2.731564e-09
         5608.142   7.190406e-09 -1.525368e-10  6.312415e-11 -2.736498e-09
         5618.265   7.203398e-09 -1.528240e-10  6.327015e-11 -2.741441e-09
         5628.388   7.216366e-09 -1.531108e-10  6.341605e-11 -2.746376e-09
         5638.511   7.229354e-09 -1.533981e-10  6.356224e-11 -2.751316e-09
         5648.634   7.242325e-09 -1.536850e-10  6.370839e-11 -2.756252e-09
         5658.757   7.255305e-09 -1.539722e-10  6.385471e-11 -2.761190e-09
          5668.88   7.268283e-09 -1.542593e-10  6.400117e-11 -2.766128e-09
         5679.003   7.281256e-09 -1.545464e-10  6.414768e-11 -2.771064e-09
         5689.126   7.294244e-09 -1.548338e-10  6.429447e-11 -2.776004e-09
         5699.249   7.307212e-09 -1.551208e-10  6.444121e-11 -2.780939e-09
         5709.372   7.320204e-09 -1.554083e-10  6.458829e-11 -2.785881e-09
         5719.495   7.333169e-09 -1.556953e-10  6.473524e-11 -2.790815e-09
         5729.618   7.346161e-09 -1.559829e-10  6.488251e-11 -2.795757e-09
         5739.741   7.359125e-09 -1.562700e-10  6.502968e-11 -2.800691e-09
         5749.864   7.372112e-09 -1.565576e-10  6.517715e-11 -2.805630e-09
         5759.987   7.385084e-09 -1.568448e-10  6.532461e-11 -2.810566e-09
          5770.11   7.398065e-09 -1.571323e-10  6.547229e-11 -2.815505e-09
         5780.233   7.411046e-09 -1.574198e-10  6.562011e-11 -2.820444e-09
         5790.356   7.424020e-09 -1.577072e-10  6.576798e-11 -2.825380e-09
         5800.479   7.437008e-09 -1.579948e-10  6.591609e-11 -2.830321e-09
         5810.602   7.449974e-09 -1.582822e-10  6.606410e-11 -2.835255e-09
         5820.725   7.462964e-09 -1.585700e-10  6.621244e-11 -2.840196e-09
         5830.848   7.475928e-09 -1.588573e-10  6.636066e-11 -2.845129e-09
         5840.971   7.488919e-09 -1.591452e-10  6.650925e-11 -2.850070e-09
         5851.094   7.501886e-09 -1.594326e-10  6.665777e-11 -2.855005e-09
         5861.217   7.514874e-09 -1.597205e-10  6.680661e-11 -2.859946e-09
          5871.34   7.527848e-09 -1.600081e-10  6.695543e-11 -2.864882e-09
         5881.463   7.540828e-09 -1.602958e-10  6.710444e-11 -2.869821e-09
         5891.586   7.553808e-09 -1.605836e-10  6.725354e-11 -2.874759e-09
         5901.709   7.566779e-09 -1.608713e-10  6.740266e-11 -2.879694e-09
         5911.832   7.579766e-09 -1.611593e-10  6.755205e-11 -2.884634e-09
         5921.955   7.592731e-09 -1.614469e-10  6.770138e-11 -2.889568e-09
         5932.078   7.605723e-09 -1.617351e-10  6.785107e-11 -2.894510e-09
         5942.201   7.618689e-09 -1.620227e-10  6.800065e-11 -2.899443e-09
         5952.324   7.631681e-09 -1.623108e-10  6.815061e-11 -2.904386e-09
         5962.447   7.644649e-09 -1.625986e-10  6.830046e-11 -2.909320e-09
          5972.57   7.657636e-09 -1.628867e-10  6.845057e-11 -2.914261e-09
         5982.693   7.670608e-09 -1.631746e-10  6.860067e-11 -2.919196e-09
         5992.816   7.683587e-09 -1.634627e-10  6.875096e-11 -2.924134e-09
         6002.939   7.696566e-09 -1.637508e-10  6.890137e-11 -2.929072e-09
         6013.062   7.709538e-09 -1.640388e-10  6.905184e-11 -2.934007e-09
         6023.185   7.722526e-09 -1.643271e-10  6.920258e-11 -2.938948e-09
         6033.308   7.735494e-09 -1.646150e-10  6.935327e-11 -2.943883e-09
         6043.431   7.748486e-09 -1.649034e-10  6.950430e-11 -2.948825e-09
         6053.554   7.761451e-09 -1.651913e-10  6.965518e-11 -2.953758e-09
         6063.677   7.774441e-09 -1.654798e-10  6.980640e-11 -2.958699e-09
           6073.8   7.787407e-09 -1.657678e-10  6.995753e-11 -2.963633e-09
         6083.923   7.800393e-09 -1.660562e-10  7.010895e-11 -2.968573e-09
         6094.046   7.813366e-09 -1.663444e-10  7.026038e-11 -2.973508e-09
         6104.169   7.826345e-09 -1.666328e-10  7.041200e-11 -2.978447e-09
         6114.292   7.839327e-09 -1.669212e-10  7.056380e-11 -2.983386e-09
         6124.415   7.852300e-09 -1.672094e-10  7.071561e-11 -2.988322e-09
         6134.538   7.865288e-09 -1.674980e-10  7.086766e-11 -2.993262e-09
         6144.661   7.878254e-09 -1.677862e-10  7.101963e-11 -2.998196e-09
         6154.784   7.891244e-09 -1.680749e-10  7.117194e-11 -3.003137e-09
         6164.907   7.904208e-09 -1.683631e-10  7.132411e-11 -3.008070e-09
          6175.03   7.917198e-09 -1.686519e-10  7.147668e-11 -3.013011e-09
         6185.153   7.930167e-09 -1.689402e-10  7.162915e-11 -3.017945e-09
         6195.276   7.943154e-09 -1.692289e-10  7.178196e-11 -3.022886e-09
         6205.399   7.956128e-09 -1.695174e-10  7.193474e-11 -3.027823e-09
         6215.522   7.969108e-09 -1.698060e-10  7.208768e-11 -3.032760e-09
         6225.645   7.982088e-09 -1.700947e-10  7.224074e-11 -3.037698e-09
         6235.768   7.995059e-09 -1.703832e-10  7.239383e-11 -3.042633e-09
         6245.891   8.008046e-09 -1.706721e-10  7.254719e-11 -3.047573e-09
         6256.014   8.021011e-09 -1.709605e-10  7.270049e-11 -3.052507e-09
         6266.137   8.034003e-09 -1.712495e-10  7.285415e-11 -3.057449e-09
          6276.26   8.046969e-09 -1.715380e-10  7.300770e-11 -3.062383e-09
         6286.383   8.059961e-09 -1.718270e-10  7.316162e-11 -3.067324e-09
         6296.506   8.072929e-09 -1.721156e-10  7.331543e-11 -3.072259e-09
         6306.629   8.085914e-09 -1.724046e-10  7.346950e-11 -3.077198e-09
         6316.752   8.098887e-09 -1.726933e-10  7.362357e-11 -3.082134e-09
         6326.875   8.111865e-09 -1.729822e-10  7.377781e-11 -3.087071e-09
         6336.998   8.124846e-09 -1.732712e-10  7.393220e-11 -3.092009e-09
         6347.121   8.137817e-09 -1.735600e-10  7.408663e-11 -3.096945e-09
         6357.244   8.150806e-09 -1.738491e-10  7.424137e-11 -3.101886e-09
         6367.367   8.163773e-09 -1.741378e-10  7.439601e-11 -3.106820e-09
          6377.49   8.176766e-09 -1.744271e-10  7.455100e-11 -3.111761e-09
         6387.613   8.189729e-09 -1.747158e-10  7.470585e-11 -3.116694e-09
         6397.736   8.202719e-09 -1.750051e-10  7.486104e-11 -3.121635e-09
         6407.859   8.215686e-09 -1.752940e-10  7.501614e-11 -3.126569e-09
         6417.982   8.228671e-09 -1.755832e-10  7.517153e-11 -3.131508e-09
         6428.105   8.241645e-09 -1.758723e-10  7.532696e-11 -3.136444e-09
         6438.228   8.254624e-09 -1.761614e-10  7.548256e-11 -3.141382e-09
         6448.351   8.267607e-09 -1.764506e-10  7.563832e-11 -3.146321e-09
         6458.474   8.280579e-09 -1.767397e-10  7.579408e-11 -3.151256e-09
         6468.597   8.293566e-09 -1.770291e-10  7.595011e-11 -3.156197e-09
          6478.72   8.306531e-09 -1.773181e-10  7.610603e-11 -3.161130e-09
         6488.843   8.319522e-09 -1.776076e-10  7.626232e-11 -3.166071e-09
         6498.966   8.332486e-09 -1.778966e-10  7.641847e-11 -3.171004e-09
         6509.089   8.345476e-09 -1.781862e-10  7.657503e-11 -3.175945e-09
         6519.212   8.358445e-09 -1.784753e-10  7.673149e-11 -3.180879e-09
         6529.335   8.371432e-09 -1.787648e-10  7.688826e-11 -3.185820e-09
         6539.458   8.384407e-09 -1.790541e-10  7.704502e-11 -3.190756e-09
         6549.581   8.397384e-09 -1.793435e-10  7.720193e-11 -3.195693e-09
         6559.704   8.410366e-09 -1.796330e-10  7.735897e-11 -3.200631e-09
         6569.827   8.423336e-09 -1.799223e-10  7.751604e-11 -3.205566e-09
          6579.95   8.436323e-09 -1.802119e-10  7.767339e-11 -3.210506e-09
         6590.073   8.449289e-09 -1.805012e-10  7.783066e-11 -3.215439e-09
         6600.196   8.462281e-09 -1.807909e-10  7.798832e-11 -3.220381e-09
         6610.319   8.475247e-09 -1.810802e-10  7.814585e-11 -3.225315e-09
         6620.442   8.488238e-09 -1.813700e-10  7.830374e-11 -3.230256e-09
         6630.565   8.501207e-09 -1.816593e-10  7.846151e-11 -3.235191e-09
         6640.688   8.514191e-09 -1.819491e-10  7.861955e-11 -3.240130e-09
         6650.811   8.527165e-09 -1.822386e-10  7.877761e-11 -3.245065e-09
         6660.934   8.540141e-09 -1.825283e-10  7.893582e-11 -3.250002e-09
         6671.057   8.553123e-09 -1.828180e-10  7.909420e-11 -3.254940e-09
          6681.18   8.566095e-09 -1.831075e-10  7.925264e-11 -3.259876e-09
         6691.303   8.579085e-09 -1.833974e-10  7.941136e-11 -3.264817e-09
         6701.426   8.592051e-09 -1.836869e-10  7.956999e-11 -3.269750e-09
         6711.549   8.605043e-09 -1.839769e-10  7.972896e-11 -3.274692e-09
         6721.672   8.618007e-09 -1.842664e-10  7.988778e-11 -3.279625e-09
         6731.795   8.630997e-09 -1.845565e-10  8.004696e-11 -3.284565e-09
         6741.918   8.643964e-09 -1.848461e-10  8.020605e-11 -3.289499e-09
         6752.041   8.656948e-09 -1.851361e-10  8.036543e-11 -3.294438e-09
         6762.164   8.669924e-09 -1.854259e-10  8.052486e-11 -3.299374e-09
         6772.287   8.682902e-09 -1.857157e-10  8.068444e-11 -3.304312e-09
          6782.41   8.695885e-09 -1.860057e-10  8.084419e-11 -3.309251e-09
         6792.533   8.708856e-09 -1.862954e-10  8.100393e-11 -3.314186e-09
         6802.656   8.721845e-09 -1.865856e-10  8.116395e-11 -3.319126e-09
         6812.779   8.734809e-09 -1.868753e-10  8.132385e-11 -3.324059e-09
         6822.902   8.747799e-09 -1.871656e-10  8.148414e-11 -3.328999e-09
         6833.025   8.760764e-09 -1.874553e-10  8.164430e-11 -3.333932e-09
         6843.148   8.773754e-09 -1.877456e-10  8.180484e-11 -3.338873e-09
         6853.271   8.786723e-09 -1.880354e-10  8.196531e-11 -3.343808e-09
         6863.394   8.799709e-09 -1.883256e-10  8.212604e-11 -3.348747e-09
         6873.517   8.812685e-09 -1.886156e-10  8.228680e-11 -3.353684e-09
          6883.64   8.825661e-09 -1.889057e-10  8.244768e-11 -3.358621e-09
         6893.763   8.838643e-09 -1.891959e-10  8.260873e-11 -3.363559e-09
         6903.886   8.851612e-09 -1.894859e-10  8.276977e-11 -3.368493e-09
         6914.009   8.864600e-09 -1.897763e-10  8.293112e-11 -3.373433e-09
         6924.132   8.877566e-09 -1.900662e-10  8.309238e-11 -3.378366e-09
         6934.255   8.890558e-09 -1.903567e-10  8.325404e-11 -3.383308e-09
         6944.378   8.903524e-09 -1.906467e-10  8.341557e-11 -3.388241e-09
         6954.501   8.916514e-09 -1.909371e-10  8.357745e-11 -3.393182e-09
         6964.624   8.929483e-09 -1.912272e-10  8.373922e-11 -3.398116e-09
         6974.747   8.942466e-09 -1.915176e-10  8.390125e-11 -3.403055e-09
          6984.87   8.955441e-09 -1.918079e-10  8.406331e-11 -3.407991e-09
         6994.993   8.968417e-09 -1.920982e-10  8.422552e-11 -3.412927e-09
         7005.116   8.981400e-09 -1.923886e-10  8.438793e-11 -3.417866e-09
         7015.239   8.994371e-09 -1.926788e-10  8.455035e-11 -3.422800e-09
         7025.362   9.007361e-09 -1.929694e-10  8.471308e-11 -3.427742e-09
         7035.485   9.020327e-09 -1.932596e-10  8.487569e-11 -3.432675e-09
         7045.608   9.033318e-09 -1.935503e-10  8.503866e-11 -3.437616e-09
         7055.731   9.046283e-09 -1.938405e-10  8.520147e-11 -3.442549e-09
         7065.854   9.059271e-09 -1.941312e-10  8.536464e-11 -3.447489e-09
         7075.977   9.072240e-09 -1.944215e-10  8.552774e-11 -3.452423e-09
           7086.1   9.085223e-09 -1.947121e-10  8.569111e-11 -3.457361e-09
         7096.223   9.098200e-09 -1.950025e-10  8.585456e-11 -3.462298e-09
         7106.346   9.111178e-09 -1.952930e-10  8.601814e-11 -3.467235e-09
         7116.469   9.124162e-09 -1.955837e-10  8.618191e-11 -3.472174e-09
         7126.592   9.137131e-09 -1.958741e-10  8.634564e-11 -3.477109e-09
         7136.715   9.150120e-09 -1.961649e-10  8.650966e-11 -3.482049e-09
         7146.838   9.163083e-09 -1.964553e-10  8.667356e-11 -3.486981e-09
         7156.961   9.176075e-09 -1.967462e-10  8.683786e-11 -3.491922e-09
         7167.084   9.189039e-09 -1.970365e-10  8.700203e-11 -3.496855e-09
         7177.207   9.202029e-09 -1.973274e-10  8.716657e-11 -3.501795e-09
          7187.33   9.215000e-09 -1.976179e-10  8.733105e-11 -3.506730e-09
         7197.453   9.227985e-09 -1.979087e-10  8.749579e-11 -3.511669e-09
         7207.576   9.240960e-09 -1.981994e-10  8.766056e-11 -3.516606e-09
         7217.699   9.253936e-09 -1.984901e-10  8.782543e-11 -3.521542e-09
         7227.822   9.266919e-09 -1.987810e-10  8.799049e-11 -3.526480e-09
         7237.945   9.279887e-09 -1.990716e-10  8.815552e-11 -3.531413e-09
         7248.068   9.292876e-09 -1.993626e-10  8.832090e-11 -3.536354e-09
         7258.191   9.305841e-09 -1.996532e-10  8.848619e-11 -3.541287e-09
         7268.314   9.318834e-09 -1.999443e-10  8.865186e-11 -3.546229e-09
         7278.437   9.331800e-09 -2.002348e-10  8.881740e-11 -3.551162e-09
          7288.56   9.344790e-09 -2.005259e-10  8.898327e-11 -3.556103e-09
         7298.683   9.357759e-09 -2.008166e-10  8.914906e-11 -3.561037e-09
         7308.806   9.370741e-09 -2.011076e-10  8.931509e-11 -3.565975e-09
         7318.929   9.383717e-09 -2.013985e-10  8.948118e-11 -3.570910e-09
         7329.052   9.396692e-09 -2.016894e-10  8.964738e-11 -3.575846e-09
         7339.175   9.409676e-09 -2.019805e-10  8.981381e-11 -3.580785e-09
         7349.298   9.422645e-09 -2.022713e-10  8.998024e-11 -3.585720e-09
         7359.421   9.435636e-09 -2.025625e-10  9.014699e-11 -3.590661e-09
         7369.544   9.448602e-09 -2.028532e-10  9.031360e-11 -3.595593e-09
         7379.667   9.461593e-09 -2.031445e-10  9.048058e-11 -3.600534e-09
          7389.79   9.474557e-09 -2.034353e-10  9.064740e-11 -3.605467e-09
         7399.913   9.487545e-09 -2.037266e-10  9.081458e-11 -3.610406e-09
         7410.036   9.500514e-09 -2.040175e-10  9.098172e-11 -3.615341e-09
         7420.159   9.513497e-09 -2.043087e-10  9.114910e-11 -3.620279e-09
         7430.282   9.526474e-09 -2.045997e-10  9.131658e-11 -3.625216e-09
         7440.405   9.539451e-09 -2.048908e-10  9.148416e-11 -3.630152e-09
         7450.528   9.552436e-09 -2.051821e-10  9.165193e-11 -3.635091e-09
         7460.651   9.565404e-09 -2.054730e-10  9.181966e-11 -3.640025e-09
         7470.774   9.578393e-09 -2.057644e-10  9.198770e-11 -3.644965e-09
         7480.897   9.591357e-09 -2.060553e-10  9.215562e-11 -3.649897e-09
          7491.02   9.604348e-09 -2.063468e-10  9.232393e-11 -3.654838e-09
         7501.143   9.617313e-09 -2.066378e-10  9.249212e-11 -3.659771e-09
         7511.266   9.630303e-09 -2.069292e-10  9.266070e-11 -3.664711e-09
         7521.389   9.643274e-09 -2.072203e-10  9.282919e-11 -3.669646e-09
         7531.512   9.656257e-09 -2.075117e-10  9.299793e-11 -3.674584e-09
         7541.635   9.669234e-09 -2.078029e-10  9.316672e-11 -3.679521e-09
         7551.758   9.682208e-09 -2.080942e-10  9.333559e-11 -3.684456e-09
         7561.881   9.695191e-09 -2.083856e-10  9.350468e-11 -3.689395e-09
         7572.004   9.708159e-09 -2.086768e-10  9.367373e-11 -3.694328e-09
         7582.127   9.721149e-09 -2.089683e-10  9.384315e-11 -3.699268e-09
          7592.25   9.734114e-09 -2.092594e-10  9.401243e-11 -3.704201e-09
         7602.373   9.747106e-09 -2.095511e-10  9.418213e-11 -3.709143e-09
         7612.496   9.760074e-09 -2.098422e-10  9.435168e-11 -3.714076e-09
         7622.619   9.773061e-09 -2.101338e-10  9.452158e-11 -3.719016e-09
         7632.742   9.786031e-09 -2.104251e-10  9.469137e-11 -3.723950e-09
         7642.865   9.799012e-09 -2.107166e-10  9.486142e-11 -3.728887e-09
         7652.988   9.811989e-09 -2.110080e-10  9.503154e-11 -3.733823e-09
         7663.111   9.824963e-09 -2.112994e-10  9.520177e-11 -3.738759e-09
         7673.234   9.837949e-09 -2.115910e-10  9.537226e-11 -3.743698e-09
         7683.357   9.850918e-09 -2.118823e-10  9.554270e-11 -3.748632e-09
          7693.48   9.863909e-09 -2.121741e-10  9.571348e-11 -3.753573e-09
         7703.603   9.876874e-09 -2.124653e-10  9.588410e-11 -3.758506e-09
         7713.726   9.889864e-09 -2.127571e-10  9.605510e-11 -3.763446e-09
         7723.849   9.902829e-09 -2.130484e-10  9.622594e-11 -3.768379e-09
         7733.972   9.915816e-09 -2.133402e-10  9.639714e-11 -3.773318e-09
         7744.095   9.928787e-09 -2.136317e-10  9.656830e-11 -3.778252e-09
         7754.218   9.941769e-09 -2.139233e-10  9.673972e-11 -3.783190e-09
         7764.341   9.954748e-09 -2.142149e-10  9.691124e-11 -3.788127e-09
         7774.464   9.967723e-09 -2.145065e-10  9.708283e-11 -3.793063e-09
         7784.587   9.980708e-09 -2.147982e-10  9.725464e-11 -3.798002e-09
          7794.71   9.993676e-09 -2.150897e-10  9.742639e-11 -3.802935e-09
         7804.833   1.000666e-08 -2.153816e-10  9.759847e-11 -3.807875e-09
         7814.956   1.001963e-08 -2.156730e-10  9.777040e-11 -3.812807e-09
         7825.079   1.003262e-08 -2.159650e-10  9.794275e-11 -3.817748e-09
         7835.202   1.004559e-08 -2.162564e-10  9.811497e-11 -3.822681e-09
         7845.325   1.005857e-08 -2.165483e-10  9.828756e-11 -3.827621e-09
         7855.448   1.007155e-08 -2.168399e-10  9.846011e-11 -3.832556e-09
         7865.571   1.008453e-08 -2.171317e-10  9.863286e-11 -3.837494e-09
         7875.694   1.009751e-08 -2.174235e-10  9.880567e-11 -3.842430e-09
         7885.817   1.011048e-08 -2.177152e-10  9.897857e-11 -3.847365e-09
          7895.94   1.012346e-08 -2.180072e-10  9.915171e-11 -3.852303e-09
         7906.063   1.013643e-08 -2.182988e-10  9.932478e-11 -3.857236e-09
         7916.186   1.014942e-08 -2.185908e-10  9.949825e-11 -3.862177e-09
         7926.309   1.016239e-08 -2.188824e-10  9.967156e-11 -3.867110e-09
         7936.432   1.017538e-08 -2.191745e-10  9.984530e-11 -3.872051e-09
         7946.555   1.018835e-08 -2.194661e-10  1.000189e-10 -3.876984e-09
         7956.678   1.020133e-08 -2.197581e-10  1.001928e-10 -3.881923e-09
         7966.801   1.021430e-08 -2.200499e-10  1.003666e-10 -3.886858e-09
         7976.924   1.022728e-08 -2.203418e-10  1.005407e-10 -3.891794e-09
         7987.047   1.024026e-08 -2.206337e-10  1.007149e-10 -3.896731e-09
          7997.17   1.025323e-08 -2.209256e-10  1.008891e-10 -3.901666e-09
         8007.293   1.026622e-08 -2.212176e-10  1.010636e-10 -3.906606e-09
         8017.416   1.027919e-08 -2.215093e-10  1.012381e-10 -3.911539e-09
         8027.539   1.029218e-08 -2.218016e-10  1.014129e-10 -3.916480e-09
         8037.662   1.030515e-08 -2.220932e-10  1.015876e-10 -3.921412e-09
         8047.785   1.031813e-08 -2.223855e-10  1.017626e-10 -3.926352e-09
         8057.908   1.033110e-08 -2.226773e-10  1.019375e-10 -3.931284e-09
         8068.031   1.034409e-08 -2.229694e-10  1.021127e-10 -3.936223e-09
         8078.154   1.035706e-08 -2.232613e-10  1.022879e-10 -3.941158e-09
         8088.277   1.037004e-08 -2.235534e-10  1.024634e-10 -3.946095e-09
           8098.4   1.038302e-08 -2.238455e-10  1.026389e-10 -3.951033e-09
         8108.523   1.039599e-08 -2.241374e-10  1.028145e-10 -3.955968e-09
         8118.646   1.040898e-08 -2.244296e-10  1.029904e-10 -3.960907e-09
         8128.769   1.042195e-08 -2.247215e-10  1.031661e-10 -3.965840e-09
         8138.892   1.043494e-08 -2.250138e-10  1.033423e-10 -3.970779e-09
         8149.015   1.044790e-08 -2.253057e-10  1.035182e-10 -3.975711e-09
         8159.138   1.046089e-08 -2.255980e-10  1.036946e-10 -3.980652e-09
         8169.261   1.047386e-08 -2.258899e-10  1.038709e-10 -3.985585e-09
         8179.384   1.048685e-08 -2.261822e-10  1.040475e-10 -3.990525e-09
         8189.507   1.049982e-08 -2.264742e-10  1.042241e-10 -3.995460e-09
          8199.63   1.051280e-08 -2.267664e-10  1.044009e-10 -4.000397e-09
         8209.753   1.052578e-08 -2.270586e-10  1.045777e-10 -4.005334e-09
         8219.876   1.053875e-08 -2.273507e-10  1.047547e-10 -4.010268e-09
         8229.999   1.055173e-08 -2.276431e-10  1.049319e-10 -4.015206e-09
         8240.122   1.056470e-08 -2.279350e-10  1.051090e-10 -4.020139e-09
         8250.245   1.057769e-08 -2.282275e-10  1.052865e-10 -4.025080e-09
         8260.368   1.059066e-08 -2.285194e-10  1.054638e-10 -4.030012e-09
         8270.491   1.060365e-08 -2.288119e-10  1.056416e-10 -4.034953e-09
         8280.614   1.061662e-08 -2.291039e-10  1.058192e-10 -4.039886e-09
         8290.737   1.062960e-08 -2.293963e-10  1.059971e-10 -4.044825e-09
          8300.86   1.064257e-08 -2.296885e-10  1.061750e-10 -4.049759e-09
         8310.983   1.065555e-08 -2.299808e-10  1.063531e-10 -4.054696e-09
         8321.106   1.066853e-08 -2.302731e-10  1.065314e-10 -4.059632e-09
         8331.229   1.068150e-08 -2.305653e-10  1.067096e-10 -4.064567e-09
         8341.352   1.069449e-08 -2.308578e-10  1.068882e-10 -4.069507e-09
         8351.475   1.070746e-08 -2.311498e-10  1.070667e-10 -4.074440e-09
         8361.598   1.072045e-08 -2.314424e-10  1.072456e-10 -4.079381e-09
         8371.721   1.073341e-08 -2.317345e-10  1.074242e-10 -4.084312e-09
         8381.844   1.074640e-08 -2.320271e-10  1.076033e-10 -4.089252e-09
         8391.967   1.075937e-08 -2.323192e-10  1.077822e-10 -4.094184e-09
          8402.09   1.077236e-08 -2.326117e-10  1.079615e-10 -4.099123e-09
         8412.213   1.078533e-08 -2.329040e-10  1.081408e-10 -4.104058e-09
         8422.336   1.079831e-08 -2.331964e-10  1.083203e-10 -4.108995e-09
         8432.459   1.081129e-08 -2.334888e-10  1.084999e-10 -4.113933e-09
         8442.582   1.082426e-08 -2.337811e-10  1.086795e-10 -4.118867e-09
         8452.705   1.083725e-08 -2.340737e-10  1.088594e-10 -4.123806e-09
         8462.828   1.085022e-08 -2.343659e-10  1.090392e-10 -4.128738e-09
         8472.951   1.086320e-08 -2.346586e-10  1.092194e-10 -4.133678e-09
         8483.074   1.087617e-08 -2.349507e-10  1.093994e-10 -4.138610e-09
         8493.197   1.088916e-08 -2.352434e-10  1.095798e-10 -4.143550e-09
          8503.32   1.090213e-08 -2.355356e-10  1.097602e-10 -4.148484e-09
         8513.443   1.091512e-08 -2.358283e-10  1.099408e-10 -4.153423e-09
         8523.566   1.092809e-08 -2.361206e-10  1.101215e-10 -4.158358e-09
         8533.689   1.094107e-08 -2.364131e-10  1.103023e-10 -4.163295e-09
         8543.812   1.095405e-08 -2.367057e-10  1.104832e-10 -4.168231e-09
         8553.935   1.096702e-08 -2.369980e-10  1.106641e-10 -4.173165e-09
         8564.058   1.098000e-08 -2.372907e-10  1.108454e-10 -4.178103e-09
         8574.181   1.099297e-08 -2.375830e-10  1.110265e-10 -4.183036e-09
         8584.304   1.100596e-08 -2.378758e-10  1.112081e-10 -4.187977e-09
         8594.427   1.101893e-08 -2.381680e-10  1.113895e-10 -4.192909e-09
          8604.55   1.103192e-08 -2.384608e-10  1.115713e-10 -4.197850e-09
         8614.673   1.104489e-08 -2.387531e-10  1.117529e-10 -4.202783e-09
         8624.796   1.105787e-08 -2.390459e-10  1.119349e-10 -4.207721e-09
         8634.919   1.107084e-08 -2.393383e-10  1.121169e-10 -4.212655e-09
         8645.042   1.108382e-08 -2.396309e-10  1.122990e-10 -4.217591e-09
         8655.165   1.109680e-08 -2.399236e-10  1.124813e-10 -4.222528e-09
         8665.288   1.110977e-08 -2.402160e-10  1.126636e-10 -4.227463e-09
         8675.411   1.112276e-08 -2.405088e-10  1.128462e-10 -4.232402e-09
         8685.534   1.113573e-08 -2.408011e-10  1.130288e-10 -4.237335e-09
         8695.657   1.114872e-08 -2.410940e-10  1.132117e-10 -4.242276e-09
          8705.78   1.116168e-08 -2.413863e-10  1.133944e-10 -4.247207e-09
         8715.903   1.117467e-08 -2.416792e-10  1.135775e-10 -4.252147e-09
         8726.026   1.118764e-08 -2.419716e-10  1.137605e-10 -4.257079e-09
         8736.149   1.120063e-08 -2.422644e-10  1.139438e-10 -4.262017e-09
         8746.272   1.121360e-08 -2.425570e-10  1.141272e-10 -4.266952e-09
         8756.395   1.122658e-08 -2.428496e-10  1.143107e-10 -4.271889e-09
         8766.518   1.123956e-08 -2.431423e-10  1.144944e-10 -4.276827e-09
         8776.641   1.125253e-08 -2.434349e-10  1.146780e-10 -4.281761e-09
         8786.764   1.126552e-08 -2.437277e-10  1.148620e-10 -4.286699e-09
         8796.887   1.127848e-08 -2.440202e-10  1.150458e-10 -4.291631e-09
          8807.01   1.129147e-08 -2.443131e-10  1.152300e-10 -4.296571e-09
         8817.133   1.130444e-08 -2.446056e-10  1.154141e-10 -4.301503e-09
         8827.256   1.131743e-08 -2.448985e-10  1.155986e-10 -4.306443e-09
         8837.379   1.133040e-08 -2.451910e-10  1.157830e-10 -4.311376e-09
         8847.502   1.134338e-08 -2.454838e-10  1.159677e-10 -4.316315e-09
         8857.625   1.135636e-08 -2.457765e-10  1.161524e-10 -4.321250e-09
         8867.748   1.136934e-08 -2.460692e-10  1.163372e-10 -4.326186e-09
         8877.871   1.138232e-08 -2.463620e-10  1.165222e-10 -4.331123e-09
         8887.994   1.139529e-08 -2.466546e-10  1.167072e-10 -4.336056e-09
         8898.117   1.140827e-08 -2.469475e-10  1.168925e-10 -4.340995e-09
          8908.24   1.142124e-08 -2.472400e-10  1.170777e-10 -4.345927e-09
         8918.363   1.143423e-08 -2.475331e-10  1.172633e-10 -4.350868e-09
         8928.486   1.144720e-08 -2.478255e-10  1.174488e-10 -4.355801e-09
         8938.609   1.146019e-08 -2.481185e-10  1.176346e-10 -4.360741e-09
         8948.732   1.147316e-08 -2.484111e-10  1.178203e-10 -4.365673e-09
         8958.855   1.148614e-08 -2.487040e-10  1.180064e-10 -4.370611e-09
         8968.978   1.149911e-08 -2.489968e-10  1.181924e-10 -4.375545e-09
         8979.101   1.151209e-08 -2.492895e-10  1.183786e-10 -4.380481e-09
         8989.224   1.152507e-08 -2.495824e-10  1.185649e-10 -4.385418e-09
         8999.347   1.153804e-08 -2.498750e-10  1.187513e-10 -4.390353e-09
          9009.47   1.155103e-08 -2.501680e-10  1.189380e-10 -4.395292e-09
         9019.593   1.156400e-08 -2.504606e-10  1.191245e-10 -4.400225e-09
         9029.716   1.157699e-08 -2.507537e-10  1.193115e-10 -4.405165e-09
         9039.839   1.158995e-08 -2.510462e-10  1.194982e-10 -4.410096e-09
         9049.962   1.160294e-08 -2.513393e-10  1.196854e-10 -4.415035e-09
         9060.085   1.161591e-08 -2.516320e-10  1.198725e-10 -4.419968e-09
         9070.208   1.162889e-08 -2.519249e-10  1.200598e-10 -4.424906e-09
         9080.331   1.164187e-08 -2.522177e-10  1.202473e-10 -4.429841e-09
         9090.454   1.165485e-08 -2.525105e-10  1.204348e-10 -4.434778e-09
         9100.577   1.166783e-08 -2.528034e-10  1.206226e-10 -4.439715e-09
           9110.7   1.168080e-08 -2.530961e-10  1.208103e-10 -4.444649e-09
         9120.823   1.169379e-08 -2.533892e-10  1.209983e-10 -4.449588e-09
         9130.946   1.170675e-08 -2.536818e-10  1.211861e-10 -4.454519e-09
         9141.069   1.171974e-08 -2.539749e-10  1.213744e-10 -4.459459e-09
         9151.192   1.173271e-08 -2.542676e-10  1.215626e-10 -4.464390e-09
         9161.315   1.174570e-08 -2.545607e-10  1.217511e-10 -4.469331e-09
         9171.438   1.175867e-08 -2.548533e-10  1.219396e-10 -4.474264e-09
         9181.561   1.177165e-08 -2.551463e-10  1.221283e-10 -4.479202e-09
         9191.684   1.178463e-08 -2.554392e-10  1.223171e-10 -4.484137e-09
         9201.807   1.179760e-08 -2.557320e-10  1.225059e-10 -4.489073e-09
          9211.93   1.181059e-08 -2.560250e-10  1.226950e-10 -4.494009e-09
         9222.053   1.182355e-08 -2.563178e-10  1.228840e-10 -4.498942e-09
         9232.176   1.183654e-08 -2.566109e-10  1.230734e-10 -4.503881e-09
         9242.299   1.184951e-08 -2.569035e-10  1.232627e-10 -4.508813e-09
         9252.422   1.186250e-08 -2.571967e-10  1.234524e-10 -4.513754e-09
         9262.545   1.187547e-08 -2.574893e-10  1.236419e-10 -4.518686e-09
         9272.668   1.188846e-08 -2.577825e-10  1.238318e-10 -4.523626e-09
         9282.791   1.190142e-08 -2.580752e-10  1.240215e-10 -4.528558e-09
         9292.914   1.191441e-08 -2.583683e-10  1.242116e-10 -4.533495e-09
         9303.037   1.192738e-08 -2.586612e-10  1.244016e-10 -4.538430e-09
          9313.16   1.194036e-08 -2.589540e-10  1.245919e-10 -4.543365e-09
         9323.283   1.195334e-08 -2.592471e-10  1.247823e-10 -4.548303e-09
         9333.406   1.196631e-08 -2.595398e-10  1.249727e-10 -4.553237e-09
         9343.529   1.197930e-08 -2.598330e-10  1.251635e-10 -4.558177e-09
         9353.652   1.199227e-08 -2.601257e-10  1.253541e-10 -4.563109e-09
         9363.775   1.200526e-08 -2.604189e-10  1.255451e-10 -4.568048e-09
         9373.898   1.201822e-08 -2.607116e-10  1.257359e-10 -4.572980e-09
         9384.021   1.203121e-08 -2.610048e-10  1.259272e-10 -4.577918e-09
         9394.144   1.204418e-08 -2.612975e-10  1.261183e-10 -4.582851e-09
         9404.267   1.205716e-08 -2.615906e-10  1.263097e-10 -4.587789e-09
          9414.39   1.207014e-08 -2.618835e-10  1.265012e-10 -4.592725e-09
         9424.513   1.208312e-08 -2.621764e-10  1.266928e-10 -4.597660e-09
         9434.636   1.209610e-08 -2.624695e-10  1.268846e-10 -4.602598e-09
         9444.759   1.210907e-08 -2.627623e-10  1.270764e-10 -4.607531e-09
         9454.882   1.212206e-08 -2.630555e-10  1.272684e-10 -4.612470e-09
         9465.005   1.213502e-08 -2.633482e-10  1.274604e-10 -4.617401e-09
         9475.128   1.214801e-08 -2.636414e-10  1.276527e-10 -4.622341e-09
         9485.251   1.216098e-08 -2.639341e-10  1.278449e-10 -4.627273e-09
         9495.374   1.217397e-08 -2.642273e-10  1.280376e-10 -4.632212e-09
         9505.497   1.218694e-08 -2.645201e-10  1.282301e-10 -4.637146e-09
          9515.62   1.219992e-08 -2.648132e-10  1.284229e-10 -4.642083e-09
         9525.743   1.221290e-08 -2.651061e-10  1.286157e-10 -4.647018e-09
         9535.866   1.222587e-08 -2.653991e-10  1.288086e-10 -4.651953e-09
         9545.989   1.223885e-08 -2.656922e-10  1.290017e-10 -4.656890e-09
         9556.112   1.225182e-08 -2.659850e-10  1.291948e-10 -4.661822e-09
         9566.235   1.226481e-08 -2.662782e-10  1.293883e-10 -4.666762e-09
         9576.358   1.227778e-08 -2.665709e-10  1.295816e-10 -4.671694e-09
         9586.481   1.229077e-08 -2.668641e-10  1.297753e-10 -4.676634e-09
         9596.604   1.230374e-08 -2.671569e-10  1.299689e-10 -4.681567e-09
         9606.727   1.231672e-08 -2.674501e-10  1.301628e-10 -4.686506e-09
          9616.85   1.232969e-08 -2.677429e-10  1.303566e-10 -4.691438e-09
         9626.973   1.234267e-08 -2.680360e-10  1.305507e-10 -4.696375e-09
         9637.096   1.235565e-08 -2.683289e-10  1.307449e-10 -4.701310e-09
         9647.219   1.236863e-08 -2.686219e-10  1.309392e-10 -4.706245e-09
         9657.342   1.238161e-08 -2.689150e-10  1.311337e-10 -4.711183e-09
         9667.465   1.239458e-08 -2.692078e-10  1.313282e-10 -4.716116e-09
         9677.588   1.240757e-08 -2.695010e-10  1.315230e-10 -4.721055e-09
         9687.711   1.242053e-08 -2.697937e-10  1.317176e-10 -4.725987e-09
         9697.834   1.243352e-08 -2.700870e-10  1.319127e-10 -4.730926e-09
         9707.957   1.244649e-08 -2.703797e-10  1.321076e-10 -4.735857e-09
          9718.08   1.245948e-08 -2.706730e-10  1.323029e-10 -4.740796e-09
         9728.203   1.247245e-08 -2.709658e-10  1.324981e-10 -4.745729e-09
         9738.326   1.248543e-08 -2.712589e-10  1.326936e-10 -4.750667e-09
         9748.449   1.249841e-08 -2.715518e-10  1.328891e-10 -4.755602e-09
         9758.572   1.251138e-08 -2.718448e-10  1.330848e-10 -4.760538e-09
         9768.695   1.252437e-08 -2.721379e-10  1.332806e-10 -4.765475e-09
         9778.818   1.253734e-08 -2.724307e-10  1.334764e-10 -4.770408e-09
         9788.941   1.255032e-08 -2.727239e-10  1.336726e-10 -4.775346e-09
         9799.064   1.256329e-08 -2.730166e-10  1.338686e-10 -4.780277e-09
         9809.187   1.257628e-08 -2.733099e-10  1.340650e-10 -4.785217e-09
          9819.31   1.258924e-08 -2.736026e-10  1.342613e-10 -4.790149e-09
         9829.433   1.260223e-08 -2.738958e-10  1.344579e-10 -4.795088e-09
         9839.556   1.261521e-08 -2.741887e-10  1.346545e-10 -4.800022e-09
         9849.679   1.262819e-08 -2.744817e-10  1.348513e-10 -4.804959e-09
         9859.802   1.264116e-08 -2.747747e-10  1.350482e-10 -4.809894e-09
         9869.925   1.265414e-08 -2.750676e-10  1.352452e-10 -4.814828e-09
         9880.048   1.266712e-08 -2.753608e-10  1.354424e-10 -4.819765e-09
         9890.171   1.268009e-08 -2.756536e-10  1.356395e-10 -4.824698e-09
         9900.294   1.269308e-08 -2.759468e-10  1.358371e-10 -4.829637e-09
         9910.417   1.270605e-08 -2.762395e-10  1.360344e-10 -4.834569e-09
          9920.54   1.271904e-08 -2.765327e-10  1.362322e-10 -4.839509e-09
         9930.663   1.273200e-08 -2.768255e-10  1.364298e-10 -4.844441e-09
         9940.786   1.274499e-08 -2.771186e-10  1.366278e-10 -4.849380e-09
         9950.909   1.275796e-08 -2.774115e-10  1.368257e-10 -4.854312e-09
         9961.032   1.277094e-08 -2.777046e-10  1.370239e-10 -4.859248e-09
         9971.155   1.278392e-08 -2.779975e-10  1.372221e-10 -4.864183e-09
         9981.278   1.279689e-08 -2.782904e-10  1.374205e-10 -4.869118e-09
         9991.401   1.280988e-08 -2.785835e-10  1.376191e-10 -4.874056e-09
