 0  1.0000032  0.01671327  5e-05 -11.26064  114.20924 -2.482379
 100  1.000004  0.016673793  0.012975891  174.75972 -71.51913 -3.6075389
 200  0.99999981  0.016632955  0.025868569  174.60579 -70.942808 -4.8622721
 300  1.000016  0.016596701  0.038827169  174.24468 -70.348445 -5.9327849
 400  1.0000057  0.016563351  0.051947838  174.12322 -69.868888 -7.12007
 500  1.0000193  0.016503191  0.064854641  173.89753 -69.35933 -8.2418502
 600  0.99999887  0.016459985  0.077895862  173.53311 -68.692739 -9.3752081
 700  1.0000129  0.016410107  0.090920815  173.327 -68.051888 -10.642178
 800  0.99999491  0.016357093  0.10366421  173.04219 -67.491538 -11.752812
 900  1.0000054  0.016346719  0.11663741  172.76326 -66.77363 -13.023174
 1000  1.0000034  0.016288405  0.12945932  172.57965 -66.324622 -14.124396
 1100  1.0000145  0.016291064  0.14221253  172.32634 -65.808035 -15.220742
 1200  1.0000274  0.016232845  0.15509833  172.07357 -65.264369 -16.349788
 1300  1.0000093  0.016166084  0.16798287  171.86882 -64.834053 -17.407819
 1400  1.000019  0.01610171  0.18066021  171.6157 -64.233094 -18.59463
 1500  0.9999911  0.016031805  0.19353758  171.34986 -63.597367 -19.796303
 1600  0.99999339  0.015996101  0.20623987  171.13006 -62.821941 -21.183673
 1700  0.99999076  0.015943773  0.2188762  170.87279 -62.317045 -22.267584
 1800  1.0000181  0.015986373  0.23168799  170.64022 -61.733463 -23.450149
 1900  1.0000123  0.015898748  0.24428683  170.42366 -61.199148 -24.603495
 2000  1.00002  0.015886197  0.25695397  170.15728 -60.808211 -25.562804
 2100  1.0000259  0.01581929  0.26963844  169.92495 -60.216541 -26.758823
 2200  1.0000056  0.015736846  0.28220341  169.69575 -59.739482 -27.838507
 2300  1.0000069  0.015684234  0.29470572  169.44037 -59.035489 -29.123467
 2400  0.99998775  0.015609191  0.30738287  169.20946 -58.456045 -30.30291
 2500  0.99999961  0.015605633  0.31979114  168.98376 -57.788528 -31.577239
 2600  0.99999399  0.015532735  0.33234469  168.72788 -57.172982 -32.770462
 2700  1.0000227  0.015564824  0.34492899  168.50664 -56.753786 -33.800778
 2800  1.0000191  0.015478066  0.35730245  168.27057 -56.129236 -35.026421
 2900  1.0000199  0.015441703  0.36984167  168.01161 -55.728951 -36.001709
 3000  1.0000042  0.015369187  0.38227473  167.78489 -55.017856 -37.324792
 3100  1.000003  0.015300128  0.39455039  167.54229 -54.564331 -38.367755
 3200  1.000007  0.015287736  0.40686371  167.29605 -53.866357 -39.655841
 3300  0.99999261  0.015192944  0.41928036  167.07609 -53.308532 -40.826958
 3400  1.0000172  0.01519106  0.43146695  166.84334 -52.851469 -41.88667
 3500  1.0000088  0.01511157  0.44392065  166.59716 -52.14135 -43.184603
 3600  1.0000131  0.015091137  0.45621023  166.37022 -51.675862 -44.25594
 3700  1.0000049  0.015005241  0.46839106  166.1226 -50.976023 -45.545547
 3800  1.0000147  0.014977905  0.48071315  165.87643 -50.545202 -46.561461
 3900  0.99999302  0.014941963  0.49278673  165.65122 -49.767505 -47.949009
 4000  1.0000024  0.014865964  0.50488881  165.40409 -49.341622 -48.96086
 4100  1.0000143  0.014868369  0.51702457  165.17217 -48.829205 -50.075185
 4200  1.0000101  0.014772615  0.52918167  164.94787 -48.228958 -51.285571
 4300  1.0000249  0.014730874  0.5411734  164.70511 -47.837502 -52.269047
 4400  1.0000097  0.014636257  0.5534298  164.4669 -47.079472 -53.624035
 4500  1.0000019  0.014592948  0.56535134  164.23468 -46.537936 -54.766888
 4600  0.99998566  0.014544779  0.57731317  163.98452 -45.687182 -56.20168
 4700  1.000007  0.014515231  0.58938115  163.75483 -45.300228 -57.192489
 4800  0.99999931  0.014507234  0.60117154  163.527 -44.652293 -58.447469
 4900  1.0000144  0.014431467  0.61316701  163.27998 -44.189499 -59.498287
 5000  1.0000177  0.014394864  0.62509  163.05084 -43.775257 -60.520285
 5100  1.0000238  0.014306803  0.63692436  162.81552 -43.173408 -61.722414
 5200  1.0000203  0.014242515  0.64869014  162.57031 -42.672666 -62.81438
 5300  0.99999228  0.014161985  0.66059892  162.34044 -41.82112 -64.269575
 5400  1.0000041  0.014107993  0.67223407  162.10804 -41.353221 -65.340756
 5500  0.9999884  0.014100109  0.68402579  161.86428 -40.560247 -66.719448
 5600  1.0000023  0.014046081  0.69581002  161.63944 -40.072257 -67.816571
 5700  1.0000049  0.014022587  0.70739092  161.40096 -39.576022 -68.908403
 5800  1.0000336  0.013957983  0.71920236  161.15744 -39.099402 -69.975027
 5900  1.0000121  0.013893775  0.7307814  160.92966 -38.583076 -71.10067
 6000  1.0000129  0.013813385  0.74231252  160.68673 -37.893277 -72.381317
 6100  1.0000099  0.013751028  0.75387349  160.44927 -37.402651 -73.470613
 6200  0.99999356  0.013713442  0.76541147  160.22244 -36.664827 -74.813325
 6300  1.0000045  0.013636001  0.77681933  159.98664 -36.127902 -75.951449
 6400  0.99999887  0.013610574  0.78844114  159.74824 -35.523535 -77.149037
 6500  1.0000118  0.01355037  0.79986236  159.52119 -34.943993 -78.338148
 6600  1.0000066  0.013501589  0.81123436  159.27737 -34.399508 -79.473606
 6700  1.000027  0.01344337  0.82277032  159.04085 -33.834728 -80.637561
 6800  1.0000045  0.013381924  0.83400398  158.81196 -33.285923 -81.795009
 6900  1.0000029  0.013348471  0.84529661  158.56644 -32.601642 -83.065945
 7000  0.99999995  0.013262139  0.85661973  158.33538 -32.071398 -84.202835
 7100  1.000004  0.013233859  0.86780395  158.10578 -31.601822 -85.274425
 7200  1.0000168  0.013159154  0.87898379  157.86811 -30.954294 -86.519398
 7300  1.0000062  0.013086373  0.89034991  157.6351 -30.41321 -87.660587
 7400  1.0000278  0.013018119  0.90142429  157.40349 -29.815284 -88.864353
 7500  1.0000012  0.012966661  0.9125992  157.15884 -29.103733 -90.162649
 7600  1.0000024  0.012943998  0.92375327  156.92812 -28.435205 -91.433732
 7700  0.99999276  0.012872925  0.93467617  156.69449 -27.883044 -92.589205
 7800  1.0000101  0.012861775  0.94576453  156.45391 -27.446496 -93.61439
 7900  0.9999987  0.012778706  0.95678376  156.22714 -26.773784 -94.89858
 8000  1.0000157  0.012712876  0.9676846  155.99053 -26.479475 -95.790322
 8100  1.0000314  0.0126383  0.97865073  155.75223 -25.784739 -97.083245
 8200  1.0000109  0.012545215  0.98964035  155.52138 -25.18334 -98.289368
 8300  1.0000124  0.01250474  1.0003579  155.28586 -24.446546 -99.628909
 8400  0.99999336  0.012436263  1.0113056  155.04607 -23.704662 -100.96338
 8500  0.99999371  0.01243115  1.0220597  154.81938 -23.178841 -102.09678
 8600  0.99998731  0.012372869  1.0327527  154.58252 -22.502145 -103.37269
 8700  1.0000191  0.012326833  1.0436419  154.34532 -22.261725 -104.20735
 8800  1.0000164  0.012258906  1.0543079  154.117 -21.571335 -105.50667
 8900  1.0000211  0.012170143  1.0649427  153.87421 -21.179757 -106.49113
 9000  1.0000162  0.012109921  1.0755887  153.63936 -20.349061 -107.92188
 9100  1.0000071  0.012009157  1.0861614  153.40914 -19.80088 -109.0745
 9200  1.0000037  0.01200697  1.0965859  153.17389 -19.17226 -110.30145
 9300  0.9999883  0.011918394  1.1072957  152.93963 -18.313057 -111.75864
 9400  1.000009  0.011877206  1.1177077  152.7107 -18.025986 -112.65164
 9500  1.0000013  0.011848516  1.1281972  152.46993 -17.228126 -114.04183
 9600  1.0000181  0.011764779  1.1387436  152.23659 -16.878885 -114.99155
 9700  1.0000154  0.011708357  1.1490041  152.00414 -16.145895 -116.33048
 9800  1.0000195  0.011627085  1.1593975  151.76263 -15.722253 -117.34748
 9900  0.99999725  0.011604001  1.1697051  151.5327 -14.932447 -118.74289
 10000  1.0000012  0.011490151  1.1799216  151.29952 -14.358996 -119.91929
 10100  1.0000071  0.011472991  1.190138  151.064 -13.921108 -120.95675
 10200  0.99999874  0.011392561  1.2004866  150.8324 -13.032517 -122.44623
 10300  1.0000194  0.011306753  1.2105497  150.59964 -12.726646 -123.35804
 10400  1.0000147  0.011281164  1.220793  150.35887 -11.853243 -124.82426
 10500  1.0000122  0.011191194  1.2309282  150.12896 -11.328485 -125.95464
 10600  0.99999514  0.011183601  1.2408554  149.8934 -10.617136 -127.26578
 10700  1.0000126  0.0110923  1.251018  149.65523 -10.133476 -128.345
 10800  0.99999412  0.011069411  1.2609639  149.42715 -9.583771 -129.49958
 10900  1.0000023  0.010975789  1.2708658  149.1894 -8.9630047 -130.71655
 11000  1.0000098  0.010914325  1.2808238  148.95525 -8.5384646 -131.74178
 11100  1.0000225  0.010822704  1.2907569  148.72343 -7.7487662 -133.13234
 11200  1.0000225  0.010738172  1.3005036  148.48869 -7.2613454 -134.223
 11300  1.0000052  0.010727433  1.3104571  148.2513 -6.274475 -135.80634
 11400  1.0000118  0.010620996  1.320172  148.0209 -5.7054115 -136.98182
 11500  0.99998828  0.010642821  1.3298348  147.78349 -5.1700626 -138.11244
 11600  0.99999717  0.010572814  1.3396863  147.55017 -4.5154971 -139.36846
 11700  0.9999989  0.010504353  1.3492567  147.32023 -4.1497672 -140.33997
 11800  1.0000223  0.010422202  1.3589124  147.07958 -3.6183901 -141.46495
 11900  1.0000145  0.010343332  1.3685592  146.84784 -2.9897926 -142.70043
 12000  1.000022  0.010256926  1.3780485  146.61335 -2.1767788 -144.1136
 12100  1.0000179  0.010179729  1.3875033  146.37752 -1.6126269 -145.2803
 12200  0.99999378  0.010180091  1.397084  146.14499 -0.74844277 -146.7431
 12300  1.0000034  0.010080888  1.4064203  145.91383 -0.083595651 -148.0145
 12400  0.99999165  0.010073446  1.4158751  145.6754  0.32036826 -149.01106
 12500  1.0000047  0.010012973  1.4253419  145.44485  1.0254819 -150.31856
 12600  1.0000046  0.0099222438  1.4345701  145.2103  1.4601538 -151.35512
 12700  1.000033  0.009847115  1.4439426  144.96984  2.0373874 -152.52466
 12800  1.0000089  0.009777342  1.4531952  144.73979  2.7824832 -153.87775
 12900  1.0000082  0.0097185511  1.4622843  144.50354  3.4249326 -155.11588
 13000  1.0000018  0.0096495812  1.4714694  144.26957  4.1372361 -156.43236
 13100  0.99999825  0.009606405  1.480672  144.03922  4.7501402 -157.64511
 13200  1.0000058  0.009530668  1.4896835  143.80542  5.4196712 -158.91771
 13300  1.0000026  0.0094807647  1.4988893  143.56703  5.9623198 -160.05744
 13400  1.0000278  0.0094014929  1.5078763  143.33548  6.7734834 -161.473
 13500  1.0000068  0.0093414845  1.5167897  143.09857  7.2834629 -162.5833
 13600  1.0000127  0.0093102674  1.5258349  142.86272  7.8775438 -163.77608
 13700  0.99999811  0.0092326391  1.5346759  142.63362  8.6805368 -165.18712
 13800  1.0000048  0.0091617795  1.5435024  142.39475  9.0094576 -166.10987
 13900  0.99999302  0.0091200909  1.5523881  142.16261  9.8037186 -167.50817
 14000  1.0000085  0.0090087128  1.5611638  141.92934  10.410242 -168.71473
 14100  1.0000237  0.008941859  1.5698364  141.69363  11.070743 -169.97394
 14200  1.0000113  0.0088856266  1.5787063  141.45872  11.839383 -171.34366
 14300  1.0000226  0.0088310865  1.5872478  141.22725  12.690558 -172.79848
 14400  1.0000019  0.0087771732  1.5958895  140.98864  13.300806 -174.00443
 14500  0.9999982  0.008758982  1.6045712  140.75657  13.742287 -175.04804
 14600  0.99998662  0.0086956092  1.6130253  140.52469  14.559296 -176.46659
 14700  1.0000096  0.0085844286  1.6215981  140.28494  14.765072 -177.26587
 14800  1.0000044  0.0085490016  1.6301053  140.05414  15.539843 -178.64525
 14900  1.0000169  0.008415086  1.6384609  139.8185  16.310557  179.98459
 15000  1.0000231  0.0083733468  1.6468253  139.58298  17.036888  178.65631
 15100  1.0000155  0.0083040704  1.6552853  139.35062  17.948768  177.14064
 15200  1.0000112  0.0082665584  1.6634595  139.11735  18.558698  175.92758
 15300  0.99999124  0.008238122  1.6718184  138.87929  19.357729  174.53184
 15400  1.000005  0.008169146  1.6800722  138.64885  19.749394  173.53353
 15500  0.99999097  0.0081287133  1.6881781  138.41355  20.415953  172.27124
 15600  1.0000123  0.0080035638  1.6964639  138.17594  20.81521  171.27354
 15700  1.0000154  0.0079708055  1.7045457  137.94529  21.643093  169.84008
 15800  1.0000237  0.0078336551  1.7125519  137.70626  22.497507  168.39068
 15900  1.000007  0.0078283066  1.7205899  137.47281  23.060908  167.22479
 16000  1.000009  0.0077572785  1.7285783  137.24107  24.181842  165.50081
 16100  1.0000031  0.007691694  1.7364334  137.00643  24.537058  164.54736
 16200  0.99999144  0.0076775964  1.7444933  136.77063  25.325174  163.16268
 16300  1.0000133  0.007568702  1.752318  136.53988  25.955203  161.92562
 16400  1.0000107  0.0075314179  1.7600972  136.30062  26.625894  160.66319
 16500  1.0000143  0.0074338971  1.7679986  136.06562  27.30573  159.3801
 16600  1.0000082  0.0074181535  1.7756464  135.8347  27.954036  158.12686
 16700  1.0000162  0.0072965527  1.7833407  135.59466  28.913176  156.57361
 16800  0.99999357  0.0072728184  1.7910362  135.36376  29.169013  155.71234
 16900  0.99999932  0.0072134823  1.7985975  135.13034  30.28249  153.99783
 17000  1.000004  0.0071039255  1.8061607  134.89428  30.747587  152.93274
 17100  1.0000129  0.0070763995  1.8138217  134.66  31.63632  151.4455
 17200  1.0000233  0.0069749068  1.8212156  134.42741  32.530589  149.94322
 17300  1.0000124  0.0069648542  1.8286739  134.18766  33.187142  148.69417
 17400  1.0000194  0.0068862533  1.8361224  133.95571  34.137009  147.13712
 17500  0.9999927  0.0068663481  1.8433967  133.72295  34.361843  146.31208
 17600  0.99999931  0.0067790724  1.8508198  133.48429  35.224727  144.85629
 17700  0.99999109  0.0067011925  1.8581267  133.25336  35.576234  143.89948
 17800  1.0000121  0.0066257124  1.8652861  133.01616  36.640466  142.24222
 17900  1.0000083  0.0065236514  1.8725185  132.78064  37.409757  140.8709
 18000  1.0000259  0.0064983377  1.8796826  132.54784  38.419067  139.26175
 18100  1.000022  0.0064205059  1.8866949  132.31355  39.480377  137.59584
 18200  1.000004  0.0064093241  1.8938658  132.07604  39.842549  136.63855
 18300  1.0000106  0.0063606375  1.9008813  131.84542  40.891637  134.98214
 18400  0.99998939  0.0062957914  1.9078043  131.60872  41.061787  134.21458
 18500  0.99999568  0.0062275622  1.9148495  131.37187  41.818397  132.86269
 18600  0.99999705  0.0061298933  1.9217347  131.14047  42.484745  131.58892
 18700  1.0000242  0.0060534561  1.9285255  130.90072  43.628162  129.85321
 18800  1.0000109  0.0059758307  1.9354037  130.66739  44.513327  128.36245
 18900  1.0000212  0.0059472857  1.9421072  130.43421  45.392412  126.88162
 19000  1.00001  0.0059010718  1.9487778  130.19891  46.460205  125.21226
 19100  1.0000005  0.0058447159  1.9555977  129.96334  46.839103  124.23549
 19200  1.0000045  0.005804406  1.9621554  129.73172  47.710408  122.76081
 19300  0.99999237  0.0057232385  1.9687509  129.49238  48.328899  121.54709
 19400  1.0000174  0.0056626814  1.9753503  129.25838  49.220423  120.05661
 19500  1.0000053  0.0055818518  1.9818241  129.0252  50.011678  118.6625
 19600  1.0000206  0.0055211113  1.9883122  128.78551  50.928577  117.15332
 19700  1.0000052  0.0054679988  1.9947556  128.55348  51.897877  115.57919
 19800  1.0000119  0.0054011178  2.0010383  128.31772  52.643055  114.23606
 19900  0.99999342  0.0053654576  2.007379  128.08228  53.510888  112.76877
 20000  1.0000027  0.0052808884  2.0137527  127.84885  54.355394  111.32353
 20100  1.0000135  0.0052318026  2.0198977  127.61492  55.272585  109.80493
 20200  1.0000043  0.005169915  2.0261817  127.37557  56.276629  108.20478
 20300  1.0000301  0.0051267863  2.0323267  127.14297  57.212298  106.66381
 20400  1.0000085  0.0050783201  2.0383492  126.907  58.029641  105.2464
 20500  1.0000044  0.0050088516  2.0444845  126.66918  58.607112  104.07117
 20600  0.99999015  0.004964467  2.0505074  126.43802  59.325708  102.74915
 20700  1.0000052  0.004856198  2.0564305  126.19944  60.429421  101.04963
 20800  0.99999262  0.0048106153  2.0624265  125.96458  61.272591  99.608602
 20900  1.0000135  0.0047310505  2.0683012  125.73069  62.740501  97.538811
 21000  1.0000228  0.0046990439  2.0740505  125.49464  63.665582  96.014457
 21100  1.0000174  0.0046618044  2.0799571  125.25698  64.99968  94.083474
 21200  1.0000237  0.0046169291  2.0856398  125.02514  65.552542  92.925405
 21300  0.99999802  0.0045911959  2.0912963  124.78744  66.175541  91.707011
 21400  1.0000011  0.0044994718  2.0970286  124.55178  67.035844  90.246811
 21500  0.9999864  0.0044327522  2.10263  124.31861  67.568076  89.117018
 21600  1.0000052  0.0043299275  2.1082143  124.07815  69.182639  86.907683
 21700  1.0000047  0.0042869743  2.1137689  123.84424  70.169999  85.320757
 21800  1.0000249  0.0042392794  2.1191466  123.6085  72.075145  82.81491
 21900  1.0000186  0.004204177  2.1245539  123.37245  72.604127  81.684352
 22000  1.000014  0.004193951  2.1300347  123.13762  73.97713  79.712081
 22100  1.0000108  0.0041084377  2.1352851  122.90384  74.55166  78.532381
 22200  0.9999911  0.0040824068  2.1406161  122.6646  75.108225  77.382791
 22300  1.0000075  0.0039911798  2.1459014  122.43013  76.662209  75.224921
 22400  0.99999812  0.0039345674  2.1510153  122.19418  77.258984  74.033021
 22500  1.0000084  0.0038677455  2.1562209  121.95511  79.114088  71.579988
 22600  1.000009  0.0038194123  2.1613486  121.72183  79.944078  70.149551
 22700  1.000023  0.0037971263  2.1663017  121.48356  81.870051  67.627674
 22800  1.0000041  0.0037252994  2.171373  121.24768  82.330201  66.566199
 22900  1.0000067  0.0037113869  2.1763534  121.01341  83.691536  64.608538
 23000  1.0000024  0.00362046  2.1811911  120.77722  84.910219  62.78839
 23100  1.0000009  0.0036002461  2.1861593  120.53843  85.737877  61.368823
 23200  1.0000154  0.0035402472  2.1909708  120.30481  87.84633  58.656722
 23300  1.0000095  0.0034934189  2.1956549  120.0662  88.203617  57.705095
 23400  1.0000196  0.0034822866  2.2004267  119.82908  90.079911  55.228228
 23500  1.0000048  0.0033812668  2.2051245  119.59469  90.741372  53.966983
 23600  1.0000083  0.0033609946  2.209713  119.35441  92.374153  51.741464
 23700  0.99999096  0.0032706638  2.2143806  119.11954  93.565661  49.946377
 23800  1.0000063  0.0032576508  2.2188446  118.88366  95.29259  47.624561
 23900  1.0000022  0.003191714  2.2233143  118.64602  97.162624  45.153574
 24000  1.0000158  0.0031913758  2.2278621  118.40873  98.119193  43.600746
 24100  1.0000248  0.0031712794  2.2321695  118.17383  100.25831  40.858926
 24200  1.0000139  0.0031057857  2.236499  117.9335  100.52159  40.000968
 24300  1.0000184  0.0031086353  2.2408416  117.69824  101.91375  38.007202
 24400  0.99999328  0.0029830553  2.2450383  117.46212  103.26711  36.056549
 24500  0.99999273  0.0029508008  2.2492625  117.22176  104.74489  33.987932
 24600  0.99998667  0.0028880741  2.2535081  116.98655  107.15842  30.973487
 24700  1.0000151  0.002884922  2.2574882  116.74764  109.0343  28.507036
 24800  1.0000105  0.0028696768  2.2615834  116.50939  111.12831  25.813638
 24900  1.0000276  0.0028595831  2.2656316  116.2736  112.04657  24.297313
 25000  1.0000196  0.0028476291  2.2694739  116.03707  113.58941  22.154476
 25100  1.0000075  0.0027688336  2.2734652  115.79663  114.59442  20.554599
 25200  1.0000064  0.0027573614  2.2773621  115.56189  116.02487  18.523539
 25300  0.999988  0.0026624297  2.2810896  115.32259  118.33976  15.613592
 25400  1.0000036  0.0026515838  2.2848849  115.08342  119.82978  13.52922
 25500  0.99999787  0.0026328607  2.2886675  114.84687  122.7086  10.050898
 25600  1.0000224  0.0026174733  2.2922103  114.60556  124.51894  7.6493872
 25700  1.0000099  0.0026183693  2.2959031  114.36841  125.93762  5.6295488
 25800  1.0000226  0.0025984376  2.2994466  114.13185  127.75167  3.2164322
 25900  1.0000042  0.0025604792  2.3029025  113.89355  129.14565  1.226311
 26000  1.0000009  0.0025241328  2.3065084  113.65363  131.2617 -1.485541
 26100  1.0000053  0.0025174723  2.3098889  113.41781  132.92627 -3.747587
 26200  0.99999735  0.0024885502  2.3131932  113.17557  135.52117 -6.9341092
 26300  1.0000215  0.0024797541  2.3165535  112.9377  136.72157 -8.7316558
 26400  1.0000057  0.0024799411  2.3198031  112.70034  139.00168 -11.608184
 26500  1.0000157  0.0024393297  2.3229791  112.45812  141.24683 -14.445022
 26600  0.99999838  0.0024229791  2.3262686  112.22136  142.7759 -16.571362
 26700  1.0000093  0.0024373969  2.3293  111.9817  145.48029 -19.870852
 26800  0.9999954  0.0024052182  2.3323676  111.74169  147.37431 -22.358119
 26900  1.0000062  0.0024370161  2.3354909  111.50304  149.51537 -25.095682
 27000  1.0000104  0.0024289026  2.338361  111.26528  151.29246 -27.470869
 27100  1.0000127  0.0024392987  2.3413004  111.02212  152.74378 -29.512653
 27200  1.000029  0.0024184454  2.3442246  110.78476  154.49407 -31.864732
 27300  1.0000029  0.0023967398  2.3469646  110.54519  156.3295 -34.293099
 27400  1.0000096  0.0023796849  2.3497234  110.30352  159.08976 -37.650267
 27500  0.99998963  0.0023676106  2.352557  110.06536  161.41009 -40.56399
 27600  0.99999977  0.0024320289  2.3551138  109.82284  164.24475 -43.990429
 27700  0.99999524  0.0024161882  2.3578067  109.58233  166.08401 -46.423161
 27800  1.0000196  0.002486375  2.3603959  109.34384  167.05086 -47.985237
 27900  1.0000173  0.0024739115  2.3628256  109.10336  169.1745 -50.704834
 28000  1.0000191  0.0024662148  2.3653716  108.86061  169.92678 -52.047357
 28100  1.0000229  0.0024663791  2.3677965  108.62284  172.33484 -55.056431
 28200  0.99999602  0.0024403415  2.3700714  108.38025  174.62217 -57.931452
 28300  1.0000045  0.0024728159  2.3724493  108.13919  177.05734 -60.962408
 28400  0.99998845  0.0024776278  2.3747576  107.89966  179.52239 -64.018809
 28500  0.99999976  0.00256686  2.3768969  107.65537 -178.7971 -66.287684
 28600  1.0000036  0.0025609283  2.3791642  107.4143 -176.77559 -68.9037
 28700  1.0000267  0.0026068635  2.3811818  107.17396 -176.69329 -69.580044
 28800  1.0000177  0.0026131187  2.3832056  106.9314 -174.0019 -72.866685
 28900  1.0000147  0.0026012202  2.3853459  106.69024 -173.00535 -74.455567
 29000  1.000005  0.0026405049  2.387265  106.45098 -170.4821 -77.578591
 29100  0.9999932  0.0026399985  2.3891581  106.20536 -168.54549 -80.100227
 29200  1.0000081  0.0027044865  2.3910908  105.96424 -167.14382 -82.097832
 29300  0.99999824  0.0027086099  2.3928334  105.72232 -164.88246 -84.950094
 29400  1.0000162  0.0027550305  2.3945196  105.47853 -164.17901 -86.244657
 29500  1.0000115  0.0027827301  2.396357  105.23672 -161.68562 -89.330997
 29600  1.0000176  0.0028065929  2.3978993  104.99368 -161.05269 -90.55426
 29700  0.99999973  0.0028577415  2.3995549  104.75 -158.4553 -93.744313
 29800  1.0000088  0.0028648069  2.4011864  104.50855 -157.60172 -95.187736
 29900  0.99999672  0.0029418094  2.402616  104.26606 -155.94137 -97.442074
 30000  1.000004  0.002936084  2.4041013  104.01933 -154.4115 -99.555613
 30100  1.0000193  0.0029827889  2.4055331  103.77858 -153.88591 -100.67711
 30200  1.000012  0.0029938924  2.4067806  103.53405 -151.49629 -103.65602
 30300  1.0000221  0.0030085888  2.408083  103.29021 -150.60586 -105.13779
 30400  1.0000046  0.0030754692  2.4094146  103.04765 -148.06026 -108.27642
 30500  0.99999945  0.0031105659  2.4105283  102.80169 -147.0808 -109.8425
 30600  0.99998783  0.003202603  2.4117676  102.55677 -145.35128 -112.16256
 30700  1.0000085  0.003209302  2.4128223  102.31394 -144.70072 -113.40285
 30800  1.0000045  0.0032725794  2.413812  102.06884 -143.99936 -114.6959
 30900  1.0000186  0.0032762531  2.4148858  101.82298 -142.43887 -116.84368
 31000  1.0000211  0.0032896493  2.4157977  101.58132 -141.68232 -118.19587
 31100  1.000015  0.0033289725  2.4166375  101.33324 -139.61168 -120.85409
 31200  1.000017  0.0033475793  2.4175262  101.08903 -138.38322 -122.67172
 31300  0.99999076  0.0034470708  2.4182944  100.84482 -136.39419 -125.25156
 31400  0.9999976  0.0034681976  2.4189788  100.59829 -135.42724 -126.80464
 31500  0.99999141  0.0035714262  2.4197772  100.35183 -134.67954 -128.1377
 31600  1.0000125  0.0035856473  2.4202917  100.10627 -133.73932 -129.66519
 31700  1.0000084  0.0036132363  2.4208835  99.859288 -133.16405 -130.82945
 31800  1.0000319  0.0036382561  2.421476  99.613637 -131.83762 -132.74344
 31900  1.0000129  0.0036582312  2.4218895  99.369719 -130.57317 -134.60014
 32000  1.0000056  0.0037190775  2.4223446  99.119767 -129.07275 -136.68567
 32100  1.000007  0.0037488895  2.4227622  98.875161 -127.86986 -138.47753
 32200  0.99999  0.003839551  2.4230035  98.627763 -126.81112 -140.12208
 32300  1.0000068  0.0038602002  2.4232782  98.380059 -125.7181 -141.80304
 32400  1.0000034  0.0039232749  2.4235597  98.133295 -125.09839 -143.00781
 32500  1.000018  0.0039657265  2.423593  97.884899 -123.99278 -144.70076
 32600  1.0000061  0.0039885678  2.4237976  97.636742 -123.09886 -146.18247
 32700  1.0000235  0.0040409126  2.4238452  97.390478 -122.07742 -147.7925
 32800  1.0000006  0.0040774553  2.4238148  97.143288 -120.84585 -149.61209
 32900  0.99999816  0.0041421476  2.4238688  96.892647 -120.20343 -150.83726
 33000  1.0000025  0.0041754149  2.4237779  96.646491 -118.92989 -152.69859
 33100  1.0000035  0.0042058585  2.4235342  96.39557 -118.25692 -153.95282
 33200  1.0000223  0.0042467837  2.4233766  96.147257 -117.14147 -155.65566
 33300  1.0000094  0.0042923213  2.4231012  95.900197 -115.98209 -157.40036
 33400  1.0000194  0.0043519945  2.4227234  95.650499 -114.94442 -159.02517
 33500  0.99999611  0.0044149711  2.4225231  95.400352 -114.06887 -160.48308
 33600  1.0000029  0.0044803045  2.4220364  95.151387 -113.58424 -161.55135
 33700  0.99999198  0.0045161424  2.4215744  94.900514 -112.45328 -163.2661
 33800  1.0000098  0.0045281766  2.4211532  94.650141 -112.31741 -163.98328
 33900  1.0000094  0.0045872221  2.4205099  94.402218 -110.96688 -165.92206
 34000  1.0000158  0.0045749762  2.4198714  94.149179 -109.97224 -167.4972
 34100  1.0000293  0.0046447447  2.4192446  93.900291 -109.027 -169.03177
 34200  1.0000045  0.004704455  2.4184894  93.650459 -107.65641 -170.98435
 34300  1.0000092  0.0047709499  2.4177136  93.398675 -106.97456 -172.25252
 34400  0.99998887  0.0048496066  2.4170118  93.147486 -106.19556 -173.61125
 34500  0.99999731  0.0048865832  2.4159946  92.895675 -105.98741 -174.40059
 34600  0.99999377  0.0049366504  2.4151125  92.642373 -104.96651 -176.00346
 34700  1.0000231  0.0049107335  2.4141487  92.392286 -104.49931 -177.05296
 34800  1.0000184  0.0049868872  2.4130495  92.141509 -103.41982 -178.71818
 34900  1.0000181  0.0049826364  2.4120514  91.886855 -102.21155  179.4955
 35000  1.0000132  0.0050741818  2.4109375  91.636791 -101.5715  178.26828
 35100  0.99999915  0.0051299254  2.4096623  91.382616 -100.24979  176.37026
 35200  1.0000042  0.0051718188  2.4084768  91.12946 -99.966666  175.5051
 35300  0.99999252  0.0052658747  2.4071946  90.877431 -99.056628  174.01566
 35400  1.0000077  0.0052611359  2.4057554  90.62448 -98.513925  172.89238
 35500  1.000006  0.005331629  2.404464  90.368604 -97.864411  171.66398
 35600  1.000021  0.0053245951  2.4029476  90.116785 -97.045993  170.26468
 35700  1.0000136  0.0054028894  2.4014114  89.862411 -96.208641  168.84399
 35800  1.0000143  0.0054098581  2.3999862  89.60702 -95.177698  167.23574
 35900  0.99999855  0.0054975003  2.3983539  89.355228 -94.844746  166.31924
 36000  0.99999703  0.0055442888  2.396641  89.097039 -93.545241  164.44509
 36100  1.0000104  0.0055441862  2.3950104  88.843225 -93.21609  163.53505
 36200  1.000002  0.0056524041  2.393163  88.58886 -92.348861  162.08928
 36300  1.0000223  0.005639078  2.391298  88.333596 -91.335825  160.4958
 36400  1.0000139  0.0057255865  2.3895679  88.077384 -90.937318  159.51868
 36500  1.0000111  0.0057595425  2.387534  87.822563 -90.083331  158.08714
 36600  0.99999267  0.0058323364  2.3856108  87.564987 -89.634163  157.05993
 36700  1.0000083  0.0058353466  2.3836733  87.308665 -88.727655  155.57738
 36800  0.99999547  0.0058836538  2.3815257  87.053357 -88.423784  154.69625
 36900  1.0000055  0.0059253568  2.3794048  86.792915 -87.246629  152.94714
 37000  1.0000168  0.0059206324  2.3772657  86.538619 -86.571674  151.69068
 37100  1.0000197  0.0060220654  2.3749078  86.280953 -85.706993  150.25186
 37200  1.0000234  0.0060403688  2.3726657  86.023339 -84.648824  148.61466
 37300  1.0000014  0.0061408319  2.370448  85.766708 -84.472283  147.86031
 37400  1.0000006  0.006188752  2.3679559  85.508864 -83.577839  146.39042
 37500  0.99998585  0.0062172732  2.3655919  85.247041 -83.463934  145.70568
 37600  1.0000043  0.0062365679  2.3630755  84.989807 -82.667755  144.33335
 37700  1.0000042  0.0062542956  2.3604445  84.731011 -81.978675  143.06927
 37800  1.0000248  0.0062860818  2.3579247  84.470356 -80.963878  141.4815
 37900  1.0000166  0.0063183859  2.3553024  84.214378 -80.178592  140.11457
 38000  1.0000163  0.0064162437  2.3525142  83.951958 -79.382557  138.74783
 38100  1.0000127  0.0064460752  2.3498654  83.692186 -78.527848  137.31788
 38200  0.99999031  0.0065229497  2.3470527  83.433117 -78.489575  136.7051
 38300  1.0000036  0.0065744316  2.3441109  83.171918 -77.494906  135.13911
 38400  0.99999588  0.0065723404  2.3412987  82.909347 -77.220194  134.2946
 38500  1.0000097  0.0066143595  2.3382514  82.650564 -76.599962  133.09989
 38600  1.0000077  0.0066415265  2.3352146  82.388037 -75.65284  131.58109
 38700  1.0000309  0.0066676022  2.3322487  82.12609 -74.853742  130.21023
 38800  1.0000066  0.0067266241  2.3291221  81.866467 -74.215274  128.99562
 38900  1.0000023  0.0067924106  2.3259376  81.599878 -73.589945  127.80578
 39000  1.0000027  0.0068291395  2.3227854  81.339065 -72.787926  126.42956
 39100  0.99999767  0.0068630906  2.3194112  81.076541 -72.467362  125.53953
 39200  1.0000131  0.0069245003  2.3160596  80.812795 -71.575042  124.07668
 39300  1.0000057  0.0069371583  2.3127934  80.550154 -71.015759  122.94658
 39400  1.0000219  0.0069971183  2.3092676  80.288388 -70.453109  121.80872
 39500  1.0000034  0.0070370544  2.3058421  80.020995 -69.679065  120.46988
 39600  1.0000133  0.0070550405  2.3023444  79.75765 -69.201343  119.42067
 39700  0.99999598  0.0071177348  2.2987197  79.493665 -68.563279  118.21153
 39800  1.0000043  0.007122918  2.2951206  79.225153 -67.83367  116.92046
 39900  0.99999846  0.007179237  2.291467  78.962489 -67.236238  115.74955
 40000  1.0000104  0.0072072432  2.2875992  78.695505 -66.412338  114.36057
 40100  1.0000261  0.0072634511  2.2838612  78.429659 -65.67778  113.05729
 40200  1.0000111  0.0073122181  2.2800656  78.165472 -65.048353  111.85852
 40300  1.000021  0.0073750709  2.2761028  77.899309 -64.613715  110.85318
 40400  0.99999675  0.0074201848  2.2722714  77.629345 -64.020156  109.69883
 40500  0.99999517  0.00740849  2.2682406  77.363724 -63.706945  108.81861
 40600  0.99998969  0.0074765962  2.2641357  77.094307 -63.092127  107.63888
 40700  1.0000136  0.0074500832  2.2601014  76.825253 -62.016236  106.00263
 40800  1.0000084  0.0075066758  2.255923  76.559907 -61.595832  105.01141
 40900  1.0000185  0.0075639901  2.2516625  76.288428 -60.534277  103.38845
 41000  1.0000268  0.0076135542  2.2474941  76.021067 -59.988405  102.27364
 41100  1.0000076  0.0076839166  2.2431752  75.75261 -59.434588  101.15482
 41200  1.0000094  0.0077150413  2.2388023  75.481603 -59.081828  100.2373
 41300  0.99998947  0.0077693681  2.2344945  75.210194 -58.590703  99.185896
 41400  0.9999993  0.0077455783  2.2299566  74.942095 -57.981678  98.010932
 41500  0.99999328  0.0078014609  2.225399  74.66785 -57.552048  97.022703
 41600  1.0000212  0.0077964869  2.2208845  74.398564 -56.30266  95.210241
 41700  1.0000181  0.0078492716  2.2162455  74.128904 -55.964615  94.305311
 41800  1.0000204  0.0079210786  2.2116387  73.852794 -54.981614  92.766542
 41900  1.0000045  0.0079457759  2.2069995  73.582637 -54.685742  91.904958
 42000  1.0000015  0.0080225125  2.2021281  73.308257 -54.077699  90.739382
 42100  1.0000047  0.0080208855  2.1973273  73.034017 -53.490555  89.59303
 42200  0.99999458  0.0080759945  2.1924829  72.762158 -53.118435  88.661188
 42300  1.0000172  0.0080883079  2.187501  72.49044 -52.181025  87.160212
 42400  1.0000105  0.008128899  2.1826017  72.212792 -51.881481  86.306676
 42500  1.0000143  0.0081578025  2.1775954  71.940491 -50.906307  84.769934
 42600  1.0000045  0.0081886998  2.1725061  71.66412 -50.667737  83.971904
 42700  1.0000124  0.0082549588  2.1674546  71.385098 -49.718173  82.470047
 42800  0.99999289  0.0082367827  2.1622797  71.111936 -49.344138  81.535069
 42900  1.0000013  0.0083190867  2.1569475  70.832462 -48.741267  80.378739
 43000  1.0000108  0.008328124  2.1517584  70.556575 -47.862262  78.942124
 43100  1.0000112  0.0083793517  2.1463998  70.281746 -47.507778  78.028861
 43200  1.0000256  0.0084326222  2.1410129  70.003809 -46.635212  76.59747
 43300  1.0000107  0.0084650822  2.1357198  69.723652 -46.425468  75.834467
 43400  1.0000065  0.008505893  2.130217  69.447271 -45.725611  74.576286
 43500  0.99998874  0.0084890198  2.1246572  69.164533 -45.427575  73.728353
 43600  1.000004  0.0085472744  2.1191346  68.884136 -44.572013  72.322315
 43700  0.99999577  0.0085306272  2.1134566  68.606632 -43.875408  71.069892
 43800  1.0000125  0.0085989213  2.1077749  68.322399 -43.274297  69.921158
 43900  1.0000141  0.0086455355  2.1021257  68.04418 -42.390718  68.480749
 44000  1.0000241  0.0086956039  2.0962738  67.762973 -42.020845  67.559342
 44100  1.0000228  0.0087565571  2.0904967  67.479484 -41.368266  66.353998
 44200  0.99999759  0.0087637983  2.0847406  67.197136 -41.180532  65.617039
 44300  1.0000068  0.0088137191  2.0787404  66.915507 -40.53426  64.416999
 44400  0.99998821  0.0087751579  2.0727811  66.627574 -40.023812  63.363599
 44500  0.99999821  0.0088168339  2.0667622  66.345712 -39.331081  62.121033
 44600  1.0000018  0.0088382202  2.0606301  66.061789 -38.495102  60.734143
 44700  1.0000314  0.0088968362  2.0545868  65.77407 -37.805749  59.500266
 44800  1.0000114  0.0089527558  2.0484822  65.491396 -37.185126  58.326083
 44900  1.0000158  0.0089890972  2.0421823  65.202302 -36.815253  57.411735
 45000  1.0000109  0.0090411838  2.0360195  64.914322 -36.263637  56.312422
 45100  0.99999419  0.0090310751  2.0296759  64.628648 -35.804556  55.307625
 45200  1.0000059  0.0090772177  2.0232371  64.340685 -35.270199  54.226713
 45300  0.99999878  0.0090742291  2.0169157  64.049986 -34.581637  52.996154
 45400  1.0000109  0.0091142538  2.0104677  63.765521 -33.989631  51.856305
 45500  1.0000061  0.009148067  2.0039145  63.47312 -33.280186  50.605257
 45600  1.0000269  0.0091867066  1.9974673  63.1812 -32.676657  49.460942
 45700  1.0000023  0.0092288559  1.9908562  62.891887 -32.149217  48.388982
 45800  1.0000043  0.0092394367  1.9841473  62.595296 -31.594194  47.29903
 45900  0.99999972  0.0092828037  1.9775245  62.30456 -31.107503  46.268335
 46000  1.0000028  0.0093057025  1.9706598  62.013832 -30.355505  44.976466
 46100  1.000017  0.0093413462  1.9638726  61.720267 -29.855163  43.934994
 46200  1.0000089  0.0093821471  1.9571829  61.426228 -29.281731  42.821702
 46300  1.0000285  0.0094208434  1.9502608  61.134583 -28.756392  41.752313
 46400  1.0000015  0.009433019  1.9433432  60.83332 -28.253856  40.71892
 46500  1.0000027  0.0094273024  1.9364151  60.537262 -27.657737  39.584732
 46600  0.99999082  0.0094690538  1.9292851  60.241163 -27.113464  38.503641
 46700  1.0000087  0.009489134  1.9222183  59.940005 -26.209391  37.07011
 46800  0.99999763  0.0095178286  1.9151551  59.645498 -25.820069  36.139089
 46900  1.0000157  0.0095911267  1.9078776  59.346329 -25.020907  34.807914
 47000  1.0000291  0.0096197812  1.9007665  59.045886 -24.570497  33.821558
 47100  1.0000127  0.0096657943  1.893587  58.746236 -24.155297  32.872764
 47200  1.0000182  0.0096735447  1.8861952  58.445415 -23.661106  31.844065
 47300  0.99999512  0.0096810157  1.8789054  58.138438 -23.223347  30.88178
 47400  0.9999927  0.0096730706  1.8715383  57.838949 -22.478219  29.603343
 47500  0.99998669  0.0096910843  1.8639471  57.534098 -21.932479  28.531126
 47600  1.0000158  0.0097548642  1.8565552  57.228524 -20.933899  27.008046
 47700  1.0000098  0.0097713252  1.8490507  56.926656 -20.537744  26.078104
 47800  1.000022  0.0098624871  1.8413854  56.616823 -19.875027  24.89349
 47900  1.0000204  0.0098595791  1.833901  56.310103 -19.474474  23.963164
 48000  1.0000091  0.0099143793  1.8261753  56.003124 -19.09631  23.058354
 48100  1.0000082  0.0098968445  1.8184045  55.693671 -18.396381  21.834663
 48200  0.99999116  0.0099037183  1.8107328  55.382218 -18.060244  20.976383
 48300  1.0000066  0.0099431493  1.8029285  55.07608 -17.204524  19.592914
 48400  0.99999668  0.0099329393  1.7950027  54.761488 -16.653429  18.525579
 48500  1.0000154  0.010009701  1.7872129  54.450048 -15.856726  17.206513
 48600  1.0000132  0.010019304  1.7792643  54.138248 -15.443308  16.269783
 48700  1.0000222  0.010096532  1.7712587  53.818156 -14.839564  15.154048
 48800  1.0000009  0.010060465  1.7633446  53.504931 -14.296466  14.089006
 48900  1.0000031  0.010119867  1.7551283  53.187808 -13.949673  13.226923
 49000  1.0000064  0.01013091  1.7470177  52.87021 -13.046007  11.808172
 49100  0.99999836  0.010129692  1.7389495  52.554166 -12.72378  10.970078
 49200  1.0000187  0.010214983  1.7307127  52.238161 -11.999517  9.7260963
 49300  1.0000134  0.010188013  1.722539  51.91306 -11.503963  8.7257367
 49400  1.0000113  0.010243385  1.7143505  51.593057 -10.95404  7.6599311
 49500  0.99999681  0.010216368  1.7059366  51.267921 -10.365382  6.5646085
 49600  1.0000127  0.010285892  1.6975734  50.939987 -9.7577743  5.4536959
 49700  0.99999176  0.010265674  1.6891743  50.619266 -8.9719722  4.1541014
 49800  1.0000023  0.010320807  1.6805826  50.291701 -8.5793922  3.2577667
 49900  1.0000114  0.010373132  1.6722101  49.965247 -7.7905021  1.9601434
 50000  1.0000203  0.010382089  1.6637311  49.640145 -7.4419917  1.1040076
 50100  1.0000241  0.010452718  1.6551309  49.309357 -6.9277114  0.084103758
 50200  1.0000086  0.010399667  1.6466171  48.97353 -6.4150092 -0.92602274
 50300  1.000012  0.010445861  1.6379676  48.64377 -5.9639909 -1.8831053
 50400  0.99998524  0.010413235  1.6291293  48.306566 -5.0560949 -3.2842804
 50500  0.99999867  0.010452979  1.620458  47.972141 -4.4957055 -4.3411414
 50600  0.99999623  0.010492648  1.6116622  47.639701 -3.699952 -5.6388945
 50700  1.0000181  0.010547183  1.6028457  47.298417 -3.2317267 -6.5954048
 50800  1.0000138  0.010593329  1.5941213  46.960689 -2.6533675 -7.6725559
 50900  1.0000262  0.010596594  1.5851629  46.620018 -2.2949061 -8.5236214
 51000  1.0000185  0.010640636  1.5762043  46.275208 -1.7810621 -9.5269187
 51100  0.99999816  0.010592044  1.5673164  45.931085 -1.1121242 -10.683812
 51200  1.0000078  0.010625192  1.5582571  45.589578 -0.68907852 -11.600256
 51300  0.99998844  0.010634583  1.5491786  45.239018  0.24182977 -13.009597
 51400  0.99999771  0.010645687  1.5402226  44.894048  0.80205202 -14.058016
 51500  1.0000016  0.010706342  1.5310203  44.544051  1.4430761 -15.182864
 51600  1.0000313  0.010754522  1.521915  44.187704  2.000582 -16.214855
 51700  1.00001  0.010771332  1.5127878  43.83705  2.5028682 -17.203527
 51800  1.0000146  0.010771319  1.5034245  43.478815  3.0413074 -18.21698
 51900  1.0000068  0.01079986  1.4942011  43.120727  3.5367996 -19.189273
 52000  0.99999938  0.010801935  1.4849144  42.765996  4.2978756 -20.427505
 52100  1.0000062  0.010814583  1.4755422  42.407313  4.7709909 -21.377092
 52200  0.99999854  0.010849887  1.466228  42.041124  5.4953201 -22.566191
 52300  1.0000226  0.010866057  1.4569382  41.681425  5.996608 -23.542415
 52400  1.0000046  0.010889175  1.4473958  41.310192  6.6150577 -24.622586
 52500  1.0000169  0.010910215  1.4379877  40.939098  7.3026153 -25.769674
 52600  1.0000015  0.01091671  1.428451  40.571212  7.8135409 -26.748437
 52700  1.0000073  0.01095385  1.4188044  40.19414  8.5314502 -27.919556
 52800  0.99999507  0.01095487  1.4093108  39.821906  9.1148216 -28.964422
 52900  1.0000079  0.011011778  1.3996517  39.449054  9.6986704 -30.007322
 53000  1.000019  0.011023403  1.3900666  39.069452  10.233889 -30.996627
 53100  1.0000099  0.01104879  1.3804875  38.685839  10.754681 -31.966628
 53200  1.0000287  0.011043001  1.3708034  38.304926  11.295803 -32.96278
 53300  1.0000017  0.011040323  1.3610141  37.910016  11.91948 -34.023998
 53400  0.99999645  0.011049746  1.3512959  37.522786  12.801649 -35.351242
 53500  0.99998829  0.011054157  1.3413759  37.13392  13.398486 -36.392861
 53600  1.000009  0.011142108  1.3315678  36.735941  14.086186 -37.51357
 53700  0.99999869  0.011142299  1.321829  36.345433  14.744405 -38.61482
 53800  1.0000196  0.011201973  1.3118575  35.945345  15.119479 -39.424361
 53900  1.0000272  0.011199874  1.3020603  35.539817  15.67462 -40.409414
 54000  1.0000157  0.011205156  1.2921395  35.134545  16.173836 -41.336209
 54100  1.0000151  0.011194264  1.2821022  34.727674  16.935328 -42.526289
 54200  0.99999262  0.011175922  1.2721092  34.31008  17.549231 -43.553994
 54300  1.0000002  0.011228269  1.2621423  33.902827  18.384965 -44.81497
 54400  0.99998724  0.011221318  1.2520019  33.485619  19.13404 -45.977071
 54500  1.0000116  0.011316948  1.2420535  33.061566  19.654095 -46.904875
 54600  1.0000143  0.011309289  1.2320183  32.641878  20.321064 -47.985086
 54700  1.000025  0.011352284  1.221781  32.207446  20.707814 -48.771076
 54800  1.0000125  0.011332864  1.2117482  31.774536  21.467498 -49.933364
 54900  1.0000111  0.011338892  1.2014687  31.343063  21.948252 -50.814857
 55000  1.0000059  0.011363688  1.1912558  30.90605  22.812345 -52.076078
 55100  0.99998932  0.01134194  1.1811394  30.463113  23.44392 -53.096713
 55200  1.0000119  0.011407989  1.1709447  30.022987  24.076146 -54.12304
 55300  1.0000037  0.011390735  1.160694  29.566059  24.872881 -55.293628
 55400  1.0000098  0.011444957  1.1505284  29.110078  25.372948 -56.173111
 55500  1.0000098  0.011433766  1.1401527  28.653112  26.218204 -57.394505
 55600  1.0000216  0.011469788  1.1297712  28.181615  26.637773 -58.176068
 55700  0.99999603  0.011484803  1.1195376  27.718971  27.585117 -59.49569
 55800  1.000005  0.011480149  1.1090584  27.249883  28.092435 -60.365364
 55900  1.000005  0.011534155  1.0987657  26.771202  28.843358 -61.472019
 56000  1.000004  0.011518383  1.0885399  26.291822  29.463821 -62.443288
 56100  1.0000197  0.011562917  1.0780941  25.807393  30.028693 -63.359366
 56200  1.0000128  0.011524361  1.0677427  25.304714  30.882591 -64.541235
 56300  1.0000159  0.01155506  1.0573698  24.809059  31.395146 -65.394227
 56400  0.99999715  0.011561172  1.0468078  24.30485  32.515389 -66.840028
 56500  1.0000065  0.011579359  1.0364026  23.790478  33.046872 -67.689224
 56600  0.99999073  0.011640046  1.0259977  23.283479  33.923814 -68.893004
 56700  1.0000077  0.011641774  1.0154691  22.761805  34.531093 -69.808405
 56800  1.000008  0.011683979  1.0051203  22.231746  35.138276 -70.72282
 56900  1.0000227  0.011669522  0.9946954  21.701055  35.784497 -71.669848
 57000  1.0000243  0.011683386  0.98417279  21.15822  36.398573 -72.577483
 57100  1.0000069  0.011649947  0.97375399  20.602504  37.416324 -73.872623
 57200  1.000012  0.011659815  0.96325358  20.053791  38.003464 -74.746477
 57300  0.99998884  0.011701493  0.95264791  19.487288  39.184225 -76.191598
 57400  0.99999149  0.011708222  0.94232195  18.919944  39.880925 -77.152681
 57500  0.99999352  0.011783061  0.93177739  18.347241  40.61633 -78.150022
 57600  1.0000253  0.011785652  0.92134607  17.75419  41.256391 -79.025772
 57700  1.0000122  0.011799154  0.91098596  17.158765  41.909441 -79.921437
 57800  1.0000239  0.011791132  0.90038696  16.555334  42.726668 -80.966762
 57900  1.0000162  0.011779802  0.88989491  15.938844  43.483728 -81.942149
 58000  0.9999992  0.011793616  0.87949541  15.318275  44.49947 -83.169291
 58100  1.000002  0.011797816  0.86902707  14.697498  45.302007 -84.183618
 58200  0.99999096  0.011840765  0.85858321  14.0471  46.286043 -85.34798
 58300  1.00001  0.011837248  0.84838302  13.400298  47.025424 -86.273193
 58400  1.0000021  0.01189162  0.83784965  12.734922  47.849863 -87.265296
 58500  1.0000277  0.011887777  0.82751191  12.050344  48.717675 -88.28019
 58600  1.0000085  0.011887759  0.81717992  11.368596  49.490359 -89.208362
 58700  1.0000138  0.011920249  0.80664545  10.669522  50.478789 -90.329871
 58800  0.9999996  0.011901995  0.79640908  9.9613311  51.412938 -91.390592
 58900  1.0000009  0.01194043  0.78615373  9.24471  52.229843 -92.323966
 59000  1.0000066  0.011948986  0.77594295  8.5137188  53.194432 -93.389705
 59100  1.0000026  0.011952141  0.76576233  7.7524808  54.108617 -94.376276
 59200  1.0000268  0.011944202  0.75566914  6.9926798  55.002802 -95.345637
 59300  1.0000078  0.011967647  0.74536253  6.2028293  56.07034 -96.455192
 59400  1.0000087  0.011986721  0.73530697  5.4046775  57.198778 -97.618611
 59500  0.99999628  0.011989168  0.72519213  4.6030879  58.149387 -98.601588
 59600  1.0000071  0.012055644  0.71508263  3.7682965  59.109883 -99.557472
 59700  0.99999367  0.012043559  0.70530655  2.9312773  60.219335 -100.66264
 59800  1.0000094  0.012066217  0.69531127  2.0705926  60.958273 -101.3743
 59900  1.000021  0.012065424  0.68552626  1.1851324  62.126975 -102.48895
 60000  1.0000136  0.012040006  0.67579266  0.27744431  63.129626 -103.41773
 60100  1.0000238  0.012051799  0.66603765 -0.63767149  64.308895 -104.51741
 60200  1.0000014  0.012050177  0.6562999 -1.5932027  65.651033 -105.73482
 60300  1.0000039  0.012087853  0.64680571 -2.5503115  66.816355 -106.77833
 60400  0.999986  0.012119302  0.63725574 -3.5271559  68.06395 -107.88017
 60500  1.0000068  0.012170071  0.6278675 -4.5489425  69.057344 -108.68388
 60600  1.0000023  0.012163042  0.61872792 -5.5720724  70.315111 -109.75217
 60700  1.0000211  0.01216312  0.60938625 -6.6366105  71.21455 -110.42215
 60800  1.0000208  0.012166897  0.60033527 -7.7275804  72.706486 -111.6574
 60900  1.0000176  0.01212108  0.5913322 -8.8381516  73.902962 -112.57698
 61000  1.0000114  0.012173742  0.58238284 -9.9721436  75.317765 -113.69366
 61100  0.99999253  0.012164012  0.5736729 -11.143748  76.936571 -114.9695
 61200  1.0000037  0.01219796  0.56509057 -12.330574  78.125857 -115.80778
 61300  0.99999309  0.01223635  0.55661701 -13.559422  79.656613 -116.93821
 61400  1.000007  0.012251764  0.54837607 -14.825843  80.914914 -117.76314
 61500  1.0000122  0.012252779  0.54022863 -16.110008  82.429276 -118.82638
 61600  1.0000258  0.012242598  0.53211082 -17.452919  83.695268 -119.58279
 61700  1.0000091  0.012274405  0.52434684 -18.807779  85.490592 -120.85735
 61800  1.000008  0.012235683  0.5165865 -20.189515  86.984854 -121.80186
 61900  1.0000008  0.012300705  0.50912804 -21.617383  88.551498 -122.77576
 62000  0.99999492  0.012283332  0.50203424 -23.072394  90.37537 -123.97312
 62100  1.0000103  0.012294835  0.49499915 -24.565227  91.7805 -124.72219
 62200  1.0000082  0.012320582  0.48824837 -26.122563  93.723179 -125.9387
 62300  1.0000206  0.012296564  0.48175405 -27.696037  95.354124 -126.83161
 62400  1.0000079  0.012344708  0.47531544 -29.309272  97.277428 -127.97563
 62500  1.0000135  0.012341313  0.46923711 -30.973165  99.000681 -128.86805
 62600  0.99999402  0.012391729  0.46349642 -32.644006  100.94582 -129.97716
 62700  1.0000032  0.012368332  0.45793917 -34.356966  102.71059 -130.85909
 62800  0.99999943  0.01241297  0.45281222 -36.124376  104.53954 -131.757
 62900  1.0000125  0.01237338  0.44804559 -37.910652  106.62058 -132.87989
 63000  1.0000203  0.012366705  0.44344245 -39.744558  108.41486 -133.67692
 63100  1.0000133  0.012399731  0.43926411 -41.630293  110.78336 -134.99095
 63200  1.0000205  0.01236254  0.43532337 -43.514509  112.81979 -135.97771
 63300  0.99999661  0.012450603  0.4316958 -45.450804  115.00142 -137.05494
 63400  0.99999559  0.012460415  0.42863821 -47.395508  117.12381 -138.06375
 63500  0.99998894  0.012497255  0.42580374 -49.363997  119.14233 -138.9474
 63600  1.0000124  0.012475348  0.42344059 -51.374338  121.18586 -139.80969
 63700  1.0000064  0.012491916  0.42153196 -53.399153  123.27402 -140.71041
 63800  1.000025  0.012455568  0.41983906 -55.440524  125.60942 -141.83525
 63900  1.0000194  0.012444563  0.41860773 -57.502849  127.76427 -142.76436
 64000  1.0000092  0.012492966  0.41787196 -59.572738  130.25562 -144.01975
 64100  1.0000078  0.012470887  0.41736457 -61.622755  132.50594 -145.05272
 64200  0.99999057  0.012550568  0.41742842 -63.721795  134.73288 -146.01476
 64300  1.0000014  0.012548355  0.41799413 -65.770187  136.99532 -147.06022
 64400  0.99999566  0.012571587  0.41876617 -67.846484  139.02923 -147.85172
 64500  1.000021  0.012565904  0.42016413 -69.927514  141.22502 -148.79738
 64600  1.000012  0.012556696  0.42190914 -71.971408  143.42922 -149.79412
 64700  1.0000243  0.012552114  0.42387454 -74.027817  145.68609 -150.82643
 64800  1.0000068  0.012556838  0.42637696 -76.043867  147.92442 -151.88223
 64900  1.0000012  0.012593498  0.42930869 -78.04298  150.14396 -152.93572
 65000  1.0000019  0.012583635  0.43250554 -80.000161  152.28811 -153.95266
 65100  0.99999333  0.012628528  0.4363228 -81.966696  154.33315 -154.86412
 65200  1.0000195  0.012614229  0.44041343 -83.86957  156.50066 -155.96167
 65300  1.0000076  0.012621055  0.44481851 -85.78179  158.44622 -156.82668
 65400  1.0000194  0.01265325  0.44971026 -87.651937  160.50838 -157.85361
 65500  1.0000024  0.012650723  0.45471915 -89.470092  162.57496 -158.9356
 65600  1.0000134  0.012662625  0.46014886 -91.286896  164.39467 -159.77211
 65700  0.9999933  0.012685322  0.46591747 -93.01897  166.36845 -160.84697
 65800  1.0000021  0.012680364  0.47196772 -94.740099  168.14643 -161.73675
 65900  1.0000068  0.012677964  0.47838414 -96.416757  170.03594 -162.78234
 66000  1.0000105  0.012670919  0.48523069 -98.062824  171.80852 -163.74203
 66100  1.0000266  0.01268341  0.49211905 -99.672662  173.71927 -164.87901
 66200  1.0000094  0.012692486  0.49938348 -101.26642  175.52099 -165.91856
 66300  1.0000144  0.012739164  0.50690327 -102.79614  177.18684 -166.89162
 66400  0.99999053  0.012766422  0.51443961 -104.28293  178.88185 -167.92908
 66500  1.0000003  0.012770648  0.52251802 -105.75975 -179.76695 -168.63596
 66600  0.9999934  0.012790275  0.53072127 -107.15817 -178.13277 -169.70408
 66700  1.0000135  0.012737319  0.53909407 -108.56045 -176.70821 -170.55748
 66800  1.0000165  0.012759776  0.54779815 -109.91904 -175.10864 -171.63196
 66900  1.0000196  0.012728857  0.55664707 -111.24217 -173.50115 -172.74932
 67000  1.0000217  0.012769202  0.56553944 -112.53754 -172.01737 -173.77236
 67100  0.99999881  0.012798583  0.57473337 -113.79948 -170.45679 -174.902
 67200  1.0000075  0.012823653  0.58405568 -115.01776 -169.21494 -175.76264
 67300  0.9999886  0.012861838  0.5934743 -116.21097 -167.8317 -176.78114
 67400  0.99999971  0.012847302  0.60330096 -117.3796 -166.78082 -177.49766
 67500  1.0000022  0.012872338  0.61310701 -118.50916 -165.41629 -178.56658
 67600  1.0000239  0.012800449  0.62308812 -119.63882 -164.16836 -179.51689
 67700  1.0000162  0.012849802  0.6332143 -120.72367 -162.91128  179.47421
 67800  1.0000147  0.012828201  0.64329144 -121.78328 -161.5058  178.29589
 67900  1.0000065  0.012865897  0.65361229 -122.8246 -160.40106  177.39669
 68000  0.99999612  0.012895236  0.66409406 -123.82147 -159.1166  176.28026
 68100  1.0000051  0.012892545  0.67459837 -124.80609 -158.15026  175.46154
 68200  0.99999743  0.012936223  0.68534782 -125.77824 -156.9434  174.39905
 68300  1.0000169  0.012893186  0.69621106 -126.7179 -155.93474  173.49458
 68400  1.0000099  0.012946996  0.70701936 -127.64526 -154.88989  172.54423
 68500  1.0000181  0.012903017  0.71801376 -128.56289 -153.75538  171.49718
 68600  1.0000044  0.012954526  0.72906707 -129.44164 -152.8233  170.60678
 68700  1.0000085  0.012936268  0.74002113 -130.3067 -151.67532  169.49498
 68800  0.9999937  0.012959177  0.75127164 -131.15768 -150.83569  168.67182
 68900  1.0000022  0.012969451  0.7625879 -131.97633 -149.7033  167.52823
 69000  1.0000144  0.0129387  0.77390383 -132.79102 -148.84518  166.64912
 69100  1.0000108  0.012995138  0.78548211 -133.60005 -147.78523  165.56639
 69200  1.0000263  0.012963722  0.79691509 -134.38018 -146.75165  164.47673
 69300  1.0000098  0.01303095  0.80844466 -135.15782 -145.97087  163.63812
 69400  1.0000016  0.013028671  0.82003298 -135.91232 -145.01647  162.6083
 69500  0.99998783  0.01305888  0.83165334 -136.64801 -144.33693  161.82723
 69600  1.0000049  0.013033223  0.84333982 -137.37643 -143.38482  160.77436
 69700  0.99999865  0.013020238  0.85517182 -138.08743 -142.65867  159.92565
 69800  1.0000159  0.013029669  0.86700347 -138.78964 -141.6276  158.76436
 69900  1.0000219  0.0130053  0.87885543 -139.48527 -140.72897  157.72684
 70000  1.000019  0.013063084  0.8908985 -140.17001 -139.84068  156.69084
 70100  1.0000181  0.013062748  0.90261963 -140.83487 -138.92336  155.60408
 70200  0.9999949  0.013128956  0.91466728 -141.50136 -138.31824  154.83222
 70300  1.0000001  0.013126999  0.92665806 -142.13879 -137.46928  153.7902
 70400  0.99998677  0.013128222  0.93866918 -142.77277 -136.9676  153.0903
 70500  1.0000103  0.013114379  0.95092153 -143.40649 -136.11638  152.04196
 70600  1.0000086  0.013087089  0.96308175 -144.02306 -135.32244  151.03115
 70700  1.0000291  0.013094469  0.97519586 -144.64142 -134.46506  149.95833
 70800  1.0000115  0.013111912  0.98729772 -145.2454 -133.62335  148.8859
 70900  1.0000117  0.013149859  0.99957209 -145.8383 -132.88088  147.9026
 71000  1.0000063  0.013158949  1.0116008 -146.41708 -132.1203  146.88666
 71100  0.99999009  0.013197672  1.0239918 -146.99726 -131.6116  146.12564
 71200  1.0000102  0.013195973  1.0362935 -147.5602 -130.75946  145.00241
 71300  1.0000027  0.013177763  1.048586 -148.12653 -130.22135  144.19827
 71400  1.0000135  0.013200785  1.0610627 -148.68857 -129.50997  143.21533
 71500  1.000006  0.013190635  1.0732871 -149.2361 -128.72662  142.14577
 71600  1.0000244  0.013188298  1.0856521 -149.78785 -128.04303  141.18014
 71700  0.99999985  0.013220944  1.0979285 -150.31654 -127.34168  140.17548
 71800  1.0000007  0.013224601  1.1103054 -150.8455 -126.70883  139.23963
 71900  1.0000024  0.013237618  1.1226681 -151.36651 -126.00103  138.22016
 72000  1.000003  0.013237987  1.135238 -151.88418 -125.38252  137.28894
 72100  1.0000211  0.013255626  1.147624 -152.39662 -124.64737  136.23142
 72200  1.0000095  0.013261525  1.160052 -152.91185 -124.00231  135.26965
 72300  1.0000224  0.013292265  1.172576 -153.41457 -123.39628  134.33053
 72400  0.99999727  0.013301556  1.1848313 -153.90755 -122.77478  133.37118
 72500  1.0000047  0.013289097  1.1973867 -154.40657 -122.28146  132.54273
 72600  0.99999066  0.013318141  1.2098165 -154.88466 -121.59966  131.50677
 72700  1.0000079  0.013267791  1.2222448 -155.36743 -120.96893  130.52742
 72800  1.0000047  0.0133067  1.2347934 -155.84705 -120.34542  129.54774
 72900  1.0000167  0.013302133  1.2473413 -156.31969 -119.53459  128.37819
 73000  1.0000294  0.013319224  1.2597468 -156.79216 -118.95684  127.4351
 73100  1.0000076  0.013362312  1.2722075 -157.26176 -118.33492  126.4509
 73200  1.0000162  0.013384123  1.2847022 -157.72112 -117.79151  125.52917
 73300  0.99999098  0.01340094  1.2970348 -158.17491 -117.30564  124.6679
 73400  0.99999236  0.013366008  1.3096504 -158.629 -116.89662  123.88103
 73500  0.99998904  0.013401018  1.322153 -159.07376 -116.2578  122.85469
 73600  1.0000206  0.013327204  1.3346261 -159.52605 -115.46286  121.68225
 73700  1.0000148  0.01337212  1.3471859 -159.97014 -114.99422  120.82211
 73800  1.0000196  0.013389757  1.3595508 -160.40989 -114.10516  119.54212
 73900  1.0000205  0.01340677  1.3719582 -160.8492 -113.67427  118.71358
 74000  1.0000027  0.013458414  1.3844398 -161.27862 -113.10283  117.74125
 74100  1.0000032  0.01344989  1.3968214 -161.7034 -112.64477  116.87378
 74200  0.99999048  0.013478425  1.4092948 -162.13211 -112.17347  115.99922
 74300  1.0000078  0.01343714  1.421858 -162.55461 -111.58032  114.99547
 74400  1  0.013463231  1.4343065 -162.97571 -111.10761  114.11022
 74500  1.0000212  0.013427657  1.4467057 -163.40209 -110.29586  112.89289
 74600  1.0000163  0.013462841  1.4591525 -163.81581 -109.89884  112.07191
 74700  1.0000145  0.013486548  1.4713705 -164.22686 -109.10111  110.85491
 74800  0.99999704  0.013482659  1.4837497 -164.63696 -108.81299  110.14021
 74900  1.0000002  0.013535324  1.4962461 -165.03875 -108.19345  109.09119
 75000  1.0000097  0.013487198  1.5085546 -165.44163 -107.60997  108.07761
 75100  1.000001  0.013537592  1.5210411 -165.8507 -107.22256  107.26644
 75200  1.0000254  0.013529691  1.5333872 -166.25 -106.45948  106.06812
 75300  1.0000117  0.013545227  1.545665 -166.65097 -106.10943  105.28728
 75400  1.0000077  0.013546566  1.5579489 -167.04919 -105.49396  104.23835
 75500  0.999994  0.013561652  1.5702404 -167.4382 -105.18141  103.47981
 75600  1.0000088  0.013563528  1.5824612 -167.82993 -104.40557  102.26733
 75700  0.99999444  0.013529429  1.5948055 -168.21676 -104.05252  101.46767
 75800  1.0000067  0.013589708  1.6071425 -168.60225 -103.44328  100.41169
 75900  1.000017  0.013560555  1.6193047 -168.99055 -102.71186  99.235206
 76000  1.000018  0.013600769  1.6316608 -169.37857 -102.37634  98.453455
 76100  1.0000248  0.013634227  1.6437147 -169.7563 -101.68826  97.307044
 76200  1.0000045  0.013639029  1.6558506 -170.14017 -101.42329  96.592144
 76300  1.0000033  0.013657669  1.6680438 -170.51526 -100.88611  95.596214
 76400  0.99998401  0.013623121  1.6801931 -170.88561 -100.5852  94.833299
 76500  1.0000028  0.013629813  1.6923997 -171.26525 -99.880146  93.676958
 76600  1.0000026  0.013601379  1.7045663 -171.63606 -99.341197  92.674821
 76700  1.0000209  0.01364314  1.7166324 -172.00874 -98.765262  91.638692
 76800  1.0000155  0.013650727  1.7285913 -172.38107 -98.110528  90.52224
 76900  1.0000233  0.013690139  1.7407455 -172.74944 -97.736991  89.682628
 77000  1.0000175  0.013722804  1.7525995 -173.11072 -97.17866  88.651596
 77100  0.99999059  0.013704759  1.7646163 -173.47808 -96.936671  87.946649
 77200  1.0000067  0.013738208  1.7766888 -173.83846 -96.401474  86.937002
 77300  0.999992  0.013693925  1.7886246 -174.19846 -95.949565  86.016361
 77400  1.0000021  0.013690947  1.8006815 -174.56528 -95.44415  85.046153
 77500  1.0000058  0.013699827  1.8125574 -174.92266 -94.820193  83.945722
 77600  1.0000342  0.013723186  1.8243601 -175.28436 -94.209009  82.863153
 77700  1.0000087  0.013740198  1.8361556 -175.63994 -93.726211  81.901808
 77800  1.000007  0.013762592  1.8480014 -175.99141 -93.389567  81.082795
 77900  1.0000053  0.013793397  1.8597416 -176.34334 -92.841833  80.051272
 78000  0.99999669  0.01375715  1.8716505 -176.69717 -92.44048  79.17422
 78100  1.0000115  0.013793296  1.8834738 -177.04671 -91.984852  78.230486
 78200  1.0000038  0.01378687  1.8951191 -177.40054 -91.422238  77.19045
 78300  1.0000202  0.013786961  1.9068642 -177.75367 -90.959568  76.246207
 78400  1.0000033  0.013805596  1.9184595 -178.0982 -90.49514  75.292681
 78500  1.000015  0.013809212  1.9300417 -178.44837 -89.969828  74.284963
 78600  0.9999981  0.013817959  1.9416967 -178.79045 -89.540473  73.364601
 78700  1.0000041  0.013805536  1.9532757 -179.13101 -89.038163  72.372944
 78800  0.99999807  0.01383814  1.9648694 -179.47651 -88.587506  71.432635
 78900  1.0000112  0.013833688  1.97651 -179.82109 -87.967299  70.327687
 79000  1.0000258  0.013858005  1.9879462  179.83784 -87.554793  69.420607
 79100  1.0000087  0.013890356  1.9993172  179.49316 -87.06024  68.438431
 79200  1.000026  0.013897352  2.0107364  179.15417 -86.688146  67.570144
 79300  0.99999615  0.013898895  2.0220919  178.81971 -86.324626  66.709577
 79400  0.99999238  0.013858947  2.03352  178.48074 -85.83587  65.728943
 79500  0.99998901  0.013873953  2.0449585  178.14621 -85.416468  64.809732
 79600  1.0000151  0.013872671  2.0562174  177.80911 -84.666677  63.566479
 79700  1.0000038  0.013884514  2.0675445  177.47118 -84.282709  62.684336
 79800  1.0000204  0.01392954  2.078765  177.13733 -83.676671  61.579341
 79900  1.0000302  0.01394843  2.0898313  176.80456 -83.303666  60.701714
 80000  1.0000077  0.013981859  2.1010384  176.47076 -82.891983  59.791073
 80100  1.0000108  0.013955009  2.1121655  176.14352 -82.557533  58.948893
 80200  0.99999093  0.013972568  2.1232675  175.81275 -82.215615  58.1055
 80300  0.99999594  0.013934029  2.134421  175.48153 -81.578933  56.968824
 80400  0.99999042  0.01392815  2.1455355  175.15289 -81.261154  56.147687
 80500  1.0000191  0.013961927  2.1564379  174.82024 -80.453973  54.842538
 80600  1.0000173  0.013966077  2.1674215  174.49195 -80.070187  53.952658
 80700  1.000022  0.014016869  2.178264  174.16732 -79.555278  52.930528
 80800  1.0000087  0.014006478  2.1890531  173.84236 -79.267559  52.132337
 80900  1.0000041  0.014048399  2.200057  173.51671 -78.815844  51.174095
 81000  1.0000087  0.014008505  2.2108619  173.1958 -78.339562  50.18659
 81100  0.99999064  0.014025962  2.2216739  172.86828 -78.090719  49.43219
 81200  1.0000134  0.014038641  2.2324442  172.54365 -77.355439  48.188279
 81300  1.0000068  0.014009467  2.2431068  172.22058 -77.06364  47.387313
 81400  1.0000134  0.01405544  2.2537186  171.89518 -76.427537  46.242944
 81500  1.0000065  0.01403514  2.264331  171.57659 -76.096451  45.394509
 81600  1.000019  0.014090736  2.2748558  171.25706 -75.569549  44.355077
 81700  0.99999477  0.014043901  2.2854327  170.93841 -75.171883  43.441543
 81800  0.99999987  0.01409108  2.2961106  170.61936 -74.77725  42.533099
 81900  1.0000115  0.014082345  2.3064931  170.30051 -74.158632  41.399693
 82000  1.0000065  0.014094608  2.3169602  169.9774 -73.874318  40.606493
 82100  1.0000242  0.01413793  2.3273007  169.66053 -73.26326  39.476643
 82200  1.0000135  0.014111085  2.3375136  169.34353 -73.043778  38.742739
 82300  1.0000073  0.014148032  2.3478295  169.02661 -72.557854  37.73995
 82400  0.99998752  0.014077876  2.3581673  168.71497 -72.132829  36.795993
 82500  1.0000067  0.014130357  2.3683875  168.39732 -71.655854  35.805489
 82600  0.99999585  0.014105937  2.37866  168.08218 -71.04174  34.673902
 82700  1.0000089  0.014131664  2.3888246  167.76741 -70.650271  33.765989
 82800  1.0000151  0.014172046  2.3987865  167.45235 -70.093714  32.689049
 82900  1.000026  0.014195127  2.4088569  167.137 -69.793544  31.871028
 83000  1.0000232  0.014224189  2.4188129  166.82755 -69.326885  30.877772
 83100  0.99999825  0.014169828  2.4287082  166.51554 -69.115244  30.145597
 83200  1.0000072  0.014216272  2.438732  166.2041 -68.674177  29.180013
 83300  0.99998701  0.014137983  2.4486741  165.89449 -68.087619  28.073476
 83400  0.99999668  0.014161563  2.4585349  165.57937 -67.665773  27.13424
 83500  1.000002  0.014191691  2.4683524  165.26906 -67.029176  25.973161
 83600  1.0000301  0.014219395  2.4779443  164.95878 -66.578333  25.001314
 83700  1.0000133  0.014252081  2.4875914  164.64911 -66.194092  24.090154
 83800  1.0000164  0.014255004  2.4973132  164.3424 -65.88146  23.251176
 83900  1.0000147  0.0142745  2.5068775  164.03608 -65.478185  22.319794
 84000  0.99999419  0.014230077  2.5165061  163.72658 -65.064476  21.385932
 84100  1.0000059  0.014259009  2.5261292  163.41934 -64.691612  20.484968
 84200  0.99999461  0.014231088  2.5355201  163.11116 -64.089911  19.362914
 84300  1.0000079  0.014244469  2.5448834  162.80155 -63.696103  18.446133
 84400  1.0000039  0.014275336  2.554323  162.49651 -63.159812  17.380856
 84500  1.000029  0.01428594  2.5634712  162.19063 -62.744408  16.440501
 84600  1.0000067  0.014306009  2.5728249  161.88573 -62.377459  15.542197
 84700  1.0000072  0.014297229  2.582149  161.58405 -61.900229  14.53497
 84800  1.0000009  0.014299121  2.5913007  161.27908 -61.575127  13.679153
 84900  1.0000021  0.014315553  2.600537  160.97193 -61.045306  12.625286
 85000  1.0000125  0.014321991  2.6096177  160.66916 -60.629621  11.676677
 85100  1.0000056  0.014330474  2.618532  160.3633 -60.212453  10.733062
 85200  1.0000268  0.014348001  2.6274503  160.06084 -59.862435  9.850406
 85300  1.0000037  0.01434423  2.636465  159.76005 -59.395945  8.8506185
 85400  1.0000057  0.014315988  2.6452906  159.45735 -58.912812  7.8399324
 85500  0.99999599  0.014333761  2.6542789  159.1564 -58.568989  6.961512
 85600  1.0000076  0.01435754  2.6630827  158.8558 -57.909028  5.7718075
 85700  0.99999639  0.014335574  2.6717857  158.55247 -57.574766  4.9083998
 85800  1.000012  0.014405661  2.6805567  158.25009 -57.119884  3.9228685
 85900  1.0000284  0.014412904  2.6890417  157.95212 -56.718096  2.9857091
 86000  1.0000121  0.014416811  2.6975871  157.64921 -56.430704  2.1684547
 86100  1.0000205  0.014406644  2.7061485  157.35281 -56.059396  1.2592227
 86200  0.99999607  0.014384788  2.7146745  157.05488 -55.649779  0.31472852
 86300  0.99999374  0.014363663  2.723129  156.75428 -55.068774 -0.79602603
 86400  0.99998576  0.014357704  2.7316686  156.45552 -54.65045 -1.748654
 86500  1.0000129  0.014431638  2.7398924  156.15555 -54.016633 -2.9149931
 86600  1.0000108  0.014417818  2.7480759  155.85624 -53.665953 -3.7993983
 86700  1.0000221  0.014489296  2.7563663  155.55948 -53.316571 -4.6876983
 86800  1.0000204  0.014459497  2.7643897  155.26555 -52.940721 -5.6059182
 86900  1.0000117  0.014471382  2.7726084  154.96632 -52.697888 -6.3818889
 87000  1.0000086  0.014452323  2.7807723  154.6726 -52.156895 -7.4644881
 87100  0.99998815  0.01441735  2.7887793  154.37512 -51.794962 -8.3604982
 87200  1.0000044  0.014451772  2.7967292  154.07688 -51.244008 -9.4460686
 87300  0.99999635  0.014433481  2.8046397  153.7815 -50.762005 -10.463039
 87400  1.0000138  0.01449861  2.8123725  153.48389 -50.269565 -11.491328
 87500  1.0000162  0.014477487  2.820162  153.19057 -49.948666 -12.351759
 87600  1.0000234  0.01453754  2.8279296  152.89778 -49.604176 -13.236353
 87700  1.0000017  0.014485165  2.8356049  152.60468 -49.087238 -14.294582
 87800  1.0000047  0.01450217  2.8434039  152.30871 -48.877387 -15.039576
 87900  1.0000056  0.01452076  2.8509865  152.01613 -48.249021 -16.209243
 88000  0.99999446  0.014484312  2.8584027  151.71941 -47.901135 -17.091244
 88100  1.0000167  0.014545859  2.8658843  151.4258 -47.503255 -18.030065
 88200  1.0000115  0.01451096  2.8731922  151.13508 -47.073236 -19.001383
 88300  1.0000101  0.014544249  2.880499  150.84132 -46.668689 -19.947148
 88400  1.0000026  0.014502952  2.8879321  150.55084 -46.193425 -20.965544
 88500  1.0000147  0.014555208  2.8951573  150.25934 -45.857045 -21.843721
 88600  0.99999428  0.01453202  2.90237  149.96611 -45.221867 -23.02027
 88700  1.0000024  0.014549594  2.9096109  149.67405 -44.972588 -23.808795
 88800  1.0000076  0.014595696  2.9165832  149.3835 -44.459995 -24.866716
 88900  1.0000144  0.014574429  2.9234923  149.09043 -44.163088 -25.700875
 89000  1.0000235  0.014619539  2.9304879  148.80092 -43.846433 -26.564528
 89100  1.0000085  0.014555039  2.937314  148.51266 -43.38789 -27.566257
 89200  1.0000148  0.014574389  2.9441744  148.22211 -43.08761 -28.410835
 89300  0.99999153  0.01454435  2.9511214  147.93319 -42.398623 -29.640733
 89400  0.99999911  0.014568814  2.9577881  147.64182 -42.025522 -30.553848
 89500  0.99999322  0.014596602  2.9644947  147.35083 -41.450713 -31.670695
 89600  1.000017  0.014626452  2.9710284  147.06308 -41.180766 -32.482885
 89700  1.0000104  0.014660933  2.9774859  146.77417 -40.785134 -33.426504
 89800  1.0000262  0.014632205  2.9839969  146.48569 -40.513255 -34.241134
 89900  1.0000211  0.014654896  2.9904644  146.20015 -40.215458 -35.090257
 90000  1.0000008  0.014600456  2.9968339  145.91147 -39.646988 -36.202072
 90100  1.0000055  0.014597545  3.0032303  145.62314 -39.340669 -37.054725
 90200  0.99998907  0.01460959  3.0095102  145.33561 -38.666804 -38.272936
 90300  0.99999609  0.014617062  3.0155528  145.047 -38.272334 -39.211013
 90400  1.0000022  0.014662824  3.0217623  144.75872 -37.832231 -40.197053
 90500  1.0000303  0.01468204  3.0276768  144.47489 -37.544995 -41.032478
 90600  1.0000121  0.014692807  3.0336817  144.1883 -37.196974 -41.93073
 90700  1.0000164  0.014666278  3.0397895  143.90279 -36.789453 -42.884794
 90800  1.0000075  0.014665607  3.0456902  143.61878 -36.467805 -43.757366
 90900  0.99999667  0.014667441  3.0515352  143.32967 -35.904192 -44.862961
 91000  1.0000039  0.014659025  3.0573025  143.04421 -35.550306 -45.762562
 91100  0.99999654  0.014684894  3.0629208  142.7587 -35.078129 -46.781993
 91200  1.0000202  0.014683215  3.0684223  142.47481 -34.750063 -47.658467
 91300  1.000007  0.014697263  3.0741201  142.19008 -34.326833 -48.629762
 91400  1.00002  0.014698984  3.0795531  141.9071 -33.88404 -49.622298
 91500  1.0000028  0.014693663  3.0851174  141.62252 -33.527638 -50.529045
 91600  1.0000082  0.01471814  3.0906243  141.33851 -33.035846 -51.567978
 91700  0.99999377  0.014703235  3.0958621  141.05487 -32.649852 -52.505019
 91800  1.0000044  0.014747016  3.1011789  140.76826 -32.290571 -53.410661
 91900  1.0000158  0.014733716  3.1062795  140.48768 -31.940368 -54.313067
 92000  1.0000089  0.01474012  3.1113336  140.20346 -31.607864 -55.196142
 92100  1.0000265  0.014721261  3.1164322  139.92263 -31.203537 -56.154896
 92200  1.0000044  0.014702771  3.1215528  139.64124 -30.771697 -57.137665
 92300  1.0000011  0.014718373  3.1264611  139.35824 -30.212092 -58.248721
 92400  0.99999102  0.014714399  3.1314857  139.07467 -29.778064 -59.231444
 92500  1.0000076  0.014779862  3.1362649  138.79273 -29.404168 -60.154619
 92600  0.99999725  0.014766221  3.1408759  138.51126 -28.985732 -61.124245
 92700  1.0000155  0.014806028  3.1456648  138.22835 -28.78518 -61.875504
 92800  1.0000226  0.014778445  3.1502233  137.95123 -28.384162 -62.83161
 92900  1.0000149  0.014763668  3.1547714  137.66842 -28.122838 -63.643756
 93000  1.000018  0.014759807  3.1593955  137.38896 -27.58696 -64.73451
 93100  0.99999615  0.014719792  3.163847  137.10891 -27.136027 -65.736312
 93200  1.0000009  0.014765493  3.168185  136.82715 -26.663222 -66.761894
 93300  0.99998913  0.014763869  3.1725481  136.5465 -26.130214 -67.844539
 93400  1.0000081  0.014824509  3.1766711  136.26632 -25.883459 -68.64381
 93500  1.0000095  0.014812238  3.1807813  135.98781 -25.474198 -69.608496
 93600  1.0000244  0.01483457  3.1849931  135.70911 -25.305288 -70.333245
 93700  1.0000154  0.014806971  3.1890133  135.43229 -24.793211 -71.404088
 93800  1.000012  0.014781303  3.1931013  135.15105 -24.532567 -72.2163
 93900  1.0000068  0.014810887  3.1970925  134.87298 -23.974959 -73.33197
 94000  0.9999905  0.014770572  3.2008227  134.59363 -23.521725 -74.334923
 94100  1.0000067  0.014823968  3.2045988  134.31412 -23.216845 -75.196386
 94200  1.0000014  0.014813167  3.2083002  134.03842 -22.672737 -76.294474
 94300  1.000012  0.014836926  3.2118238  133.7607 -22.472212 -77.051526
 94400  1.0000123  0.014831743  3.2155301  133.48323 -21.967143 -78.112652
 94500  1.0000238  0.01483645  3.2191204  133.20741 -21.748022 -78.888153
 94600  0.99999889  0.014842066  3.2225607  132.92974 -21.173844 -80.01923
 94700  1.0000035  0.014828489  3.226052  132.65044 -20.899938 -80.843747
 94800  0.99999962  0.014872936  3.2293518  132.37485 -20.451221 -81.852146
 94900  1.0000025  0.014835852  3.2324142  132.09754 -20.094397 -82.760244
 95000  1.0000177  0.014866544  3.2356453  131.82169 -19.871865 -83.543261
 95100  1.0000149  0.014834923  3.238769  131.54852 -19.285413 -84.688878
 95200  1.0000196  0.01482442  3.2417925  131.2731 -19.070493 -85.463646
 95300  1.000002  0.014853216  3.2449761  130.99599 -18.417892 -86.672999
 95400  1.000005  0.014854623  3.24785  130.72081 -18.100327 -87.547323
 95500  0.99998983  0.014897234  3.2506678  130.44396 -17.653577 -88.551959
 95600  1.0000058  0.014893322  3.2534704  130.16917 -17.406713 -89.354757
 95700  1.0000057  0.014918232  3.2561154  129.89594 -17.077499 -90.246783
 95800  1.0000206  0.014873663  3.2587151  129.62085 -16.760635 -91.119342
 95900  1.0000229  0.014880076  3.2613967  129.34837 -16.494717 -91.949055
 96000  1.0000102  0.014852529  3.263906  129.07469 -15.836243 -93.166481
 96100  1.0000139  0.014838958  3.2663794  128.80001 -15.573784 -93.988413
 96200  0.99999093  0.014896645  3.2688843  128.52575 -14.94044 -95.179146
 96300  0.9999942  0.014889013  3.2710315  128.25274 -14.583811 -96.094075
 96400  0.999993  0.014939524  3.2732849  127.97742 -14.302387 -96.93277
 96500  1.00002  0.014935322  3.2754485  127.70725 -14.037136 -97.758484
 96600  1.0000081  0.014927608  3.2774945  127.4353 -13.72535 -98.634093
 96700  1.0000262  0.014903056  3.2796459  127.16141 -13.366215 -99.551287
 96800  1.0000149  0.014895147  3.2817114  126.89119 -13.008283 -100.47499
 96900  1.000003  0.014896264  3.2835556  126.61703 -12.429195 -101.61189
 97000  1.0000048  0.01488612  3.2853957  126.34449 -12.128446 -102.47426
 97100  0.99999108  0.01494034  3.2871874  126.07332 -11.629264 -103.535
 97200  1.0000065  0.014910088  3.2887206  125.80357 -11.291498 -104.4363
 97300  1.0000025  0.014953629  3.2904277  125.53063 -11.026865 -105.26125
 97400  1.0000247  0.014954509  3.2919733  125.26229 -10.648669 -106.20407
 97500  1.000007  0.014929349  3.2934986  124.99118 -10.305589 -107.11094
 97600  1.0000183  0.014945583  3.2950585  124.71905 -9.9581773 -108.01957
 97700  1.0000008  0.014937354  3.2964046  124.45007 -9.5161251 -109.0266
 97800  0.99999921  0.014947081  3.2976246  124.17673 -9.1600782 -109.9411
 97900  1.0000042  0.014943626  3.2988222  123.90842 -8.8084897 -110.85632
 98000  1.0000019  0.014960833  3.2999043  123.63955 -8.4436394 -111.78538
 98100  1.0000231  0.014928031  3.3009519  123.37157 -8.0626857 -112.73082
 98200  1.0000092  0.014945886  3.3021179  123.10219 -7.7223767 -113.6353
 98300  1.0000147  0.014967216  3.3030386  122.83414 -7.2303201 -114.69389
 98400  0.99999698  0.014950916  3.3039501  122.56287 -6.8727715 -115.61218
 98500  1.0000064  0.01500358  3.304825  122.29369 -6.6144584 -116.43416
 98600  0.99999108  0.014995352  3.3054177  122.02678 -6.146335 -117.46821
 98700  1.0000065  0.014985473  3.3060942  121.7559 -6.0030132 -118.17247
 98800  1.0000148  0.014985405  3.3067081  121.49169 -5.5999988 -119.14559
 98900  1.000016  0.014956196  3.3071713  121.22401 -5.2540019 -120.058
 99000  1.0000275  0.014949251  3.3077096  120.95633 -4.8280823 -121.05176
 99100  1.0000041  0.014955264  3.3082342  120.68942 -4.3471727 -122.09875
 99200  1.0000074  0.014991892  3.3084882  120.42206 -3.9271923 -123.0878
 99300  0.99998615  0.014999649  3.3087398  120.15293 -3.5301088 -124.04468
 99400  1.0000018  0.015048398  3.3088889  119.88712 -3.403661 -124.73863
 99500  0.99999727  0.015037465  3.3089021  119.62251 -2.9294895 -125.78079
 99600  1.000021  0.014998499  3.3090275  119.35506 -2.8726519 -126.402
 99700  1.0000205  0.015014089  3.3090704  119.09197 -2.3665585 -127.48064
 99800  1.0000195  0.014962355  3.3089654  118.82429 -1.9784828 -128.43338
 99900  1.0000138  0.014993848  3.3088884  118.55822 -1.5859728 -129.39467
 100000  0.99999522  0.014999094  3.3086196  118.29357 -1.0657553 -130.48121
